volt	        -0.5	    -0.46875	     -0.4375	    -0.40625	      -0.375	    -0.34375	     -0.3125	    -0.28125	       -0.25	    -0.21875	     -0.1875	    -0.15625	      -0.125	    -0.09375	     -0.0625	    -0.03125	           0	     0.03125	      0.0625	     0.09375	       0.125	     0.15625	      0.1875	     0.21875	        0.25	     0.28125	      0.3125	     0.34375	       0.375	     0.40625	      0.4375	     0.46875	         0.5	
-0.3878009411994104	0.0005434145426407485	0.001471142466097604	0.0005486191918874248	0.000124535586043712	2.425687335832946e-05	3.502590165427334e-06	0	0	0	0	0	0	0	0	0	0	0	0	0	0	0	0	0	0	0	0	0	0	0	0	0	0	0.0005434145426407485	
-0.3815892701344233	0.000809552840762539	0.001715781887426195	0.001006384250086486	0.0004185779419802542	0.0001004927610559364	2.1015540992564e-05	3.582226425367895e-06	0	0	0	0	0	0	0	0	0	0	0	0	0	0	0	0	0	0	0	0	0	0	0	0	0	0.000809552840762539	
-0.3753775990694361	0.001191174056791803	0.00224473198759612	0.001467643698042792	0.0008682897804714363	0.0002391034659606761	4.903626231598267e-05	7.164452850735789e-06	0	0	0	0	0	0	0	0	0	0	0	0	0	0	0	0	0	0	0	0	0	0	0	0	0	0.001191174056791803	
-0.369165928004449	0.001644312612844983	0.003107581838498311	0.002117600192890315	0.001217681285760739	0.0005301859462606297	0.0001506113771133753	2.507558497757526e-05	3.687682770777327e-06	0	0	0	0	0	0	0	0	0	0	0	0	0	0	0	0	0	0	0	0	0	0	0	0	0.001644312612844983	
-0.3629542569394619	0.002202968555818698	0.003834888226231958	0.002861905211183445	0.001736579560942873	0.001015323413427219	0.000325740885384742	8.239120778346158e-05	7.375365541554653e-06	0	0	0	0	0	0	0	0	0	0	0	0	0	0	0	0	0	0	0	0	0	0	0	0	0.002202968555818698	
-0.3567425858744748	0.002786245222407203	0.004691126200882024	0.003738997040251876	0.002390391387672361	0.001434620795764057	0.0007110258035817487	0.0001862757741191305	3.318914493699594e-05	3.841721091048789e-06	0	0	0	0	0	0	0	0	0	0	0	0	0	0	0	0	0	0	0	0	0	0	0	0.002786245222407203	
-0.3505309148094877	0.003418763336225292	0.005266359434816818	0.004479807668787761	0.003286355742820178	0.00200292468587349	0.00115585475459102	0.00040837381249194	9.956743481098782e-05	1.152516327314637e-05	4.030210457590096e-06	0	0	0	0	0	0	0	0	0	0	0	0	0	0	0	0	0	0	0	0	0	0	0.003418763336225292	
-0.3443192437445006	0.004047764203812695	0.005911017369398914	0.005143741722664263	0.004030109937247902	0.002758353027604322	0.001621699246592855	0.0008095831721331442	0.0002470747456420809	4.610065309258548e-05	4.030210457590096e-06	0	0	0	0	0	0	0	0	0	0	0	0	0	0	0	0	0	0	0	0	0	0	0.004047764203812695	
-0.3381075726795135	0.004721316856988768	0.006192022110114187	0.005605001170620569	0.004784242097179269	0.003641996271372038	0.002245160296038921	0.001314677098110017	0.000508900222367271	0.0001575105647330004	1.209063137277029e-05	4.261484701269922e-06	0	0	0	0	0	0	0	0	0	0	0	0	0	0	0	0	0	0	0	0	0	0.004721316856988768	
-0.3318959016145263	0.005347386686050602	0.006770561282175042	0.005933473807801575	0.005233953935670451	0.004418216218838581	0.003096289706237763	0.001801859891960051	0.0009698605687144369	0.0003073376872839032	7.254378823662171e-05	4.261484701269922e-06	0	0	0	0	0	0	0	0	0	0	0	0	0	0	0	0	0	0	0	0	0	0.005347386686050602	
-0.3256842305495392	0.005978732384458461	0.007011894765377572	0.005936968197558819	0.005863550509558106	0.004931075826986119	0.00394041393610575	0.002503976271332158	0.001486136156623263	0.0006415674222051479	0.0001974803124219147	1.704593880507969e-05	4.540439423727429e-06	0	0	0	0	0	0	0	0	0	0	0	0	0	0	0	0	0	0	0	0	0.005978732384458461	
-0.3194725594845521	0.006588974605482215	0.007097849156655184	0.006289901563040538	0.005918899658910867	0.005454331238001511	0.004777532985642883	0.003331470575592142	0.001965534916824315	0.001171724932769881	0.0004110814666741897	0.0001022756328304781	9.080878847454857e-06	0	0	0	0	0	0	0	0	0	0	0	0	0	0	0	0	0	0	0	0	0.006588974605482215	
-0.313260888419565	0.007155251248622412	0.007435054845513512	0.00619555303959493	0.005915440337076319	0.005946399240413337	0.00509626869069677	0.004287925031165369	0.002765762078082995	0.00171340760660776	0.0007818608287724785	0.0002556890820761954	3.632351538981943e-05	4.877501548606742e-06	0	0	0	0	0	0	0	0	0	0	0	0	0	0	0	0	0	0	0	0.007155251248622412	
-0.3070492173545779	0.007658217459610289	0.007653246761833606	0.006024327941489938	0.005995004739270914	0.00589442022607406	0.005670693477826853	0.004932725787731591	0.003654493625840331	0.002243565117172493	0.001426694501986894	0.0005113781641523907	0.0001543749404067326	9.755003097213484e-06	0	0	0	0	0	0	0	0	0	0	0	0	0	0	0	0	0	0	0	0.007658217459610289	
-0.3008375462895908	0.008089666330574249	0.007649940823707543	0.005933473807801575	0.005669828486823444	0.005949864508035955	0.006059480986189287	0.005294530656693748	0.004569038952993108	0.003150211294660008	0.001934501019643246	0.0009758799965908123	0.000349613835627012	8.291752632631461e-05	5.26373967649056e-06	0	0	0	0	7.827053427466696e-06	8.223954735353136e-06	0	0	0	0	0	0	0	0	0	0	0	0	0.008089666330574249	
-0.2946258752246037	0.008498839308743874	0.007431748907387449	0.005888046740957393	0.005341192912541425	0.005696899971584806	0.006076993937016424	0.005781713450543782	0.005295512458836241	0.004022281982328083	0.002603515955603201	0.001657717548794	0.0006856063529828417	0.0002438750774303371	2.105495870596224e-05	0	0	0	7.322627651706539e-06	7.827053427466696e-06	1.644790947070627e-05	2.523871619063644e-05	0	0	7.539431225308363e-06	1.386039807063259e-05	6.305965443309371e-06	0	0	0	0	0	0	0.008498839308743874	
-0.2884142041596165	0.008854081178043004	0.007359018268614084	0.005776226268725562	0.004957208188906647	0.005485518646605078	0.005863335936925357	0.006136353866655204	0.005583151714956873	0.004986553976181329	0.003486132045815432	0.0021818801670502	0.001407536221355503	0.0004779951517634607	0.0001263297522357734	1.144393900380511e-05	6.222736635117392e-06	2.705847336093297e-05	0.0001025167871238915	0.0001565410685493339	0.0001151353662949439	0.0001093677701594246	0.0001169610185633845	8.049067113121589e-05	6.785488102777526e-05	4.158119421189776e-05	1.261193088661874e-05	5.703367838708757e-06	0	0	0	0	0	0.008854081178043004	
-0.2822025330946294	0.009168874715689264	0.007256534186706161	0.005653922627221995	0.004545548890595488	0.004955332700344448	0.005786278953285955	0.006093367149550789	0.006066238157928702	0.005558970418747599	0.004324415820994173	0.003123668286030853	0.001975091149321432	0.0009901328143671687	0.0003368793392953958	6.29416645209281e-05	4.355915644582175e-05	0.0001352923668046649	0.000285582478416555	0.0003913526713733348	0.0004934372841211882	0.0004711227022252135	0.0004761984327223513	0.0005312384294660249	0.0003015772490123345	0.0001524643787769585	7.567158531971244e-05	1.711010351612627e-05	1.035582618781326e-05	4.728154743048431e-06	4.371966947929874e-06	0	0	0.009168874715689264	
-0.2759908620296423	0.009429737144465027	0.007031730394133943	0.00578321504824005	0.004251506534658945	0.004459799430310002	0.005264393018637282	0.005810371261946726	0.006412880338381771	0.005877833269304649	0.005299726751730975	0.003924827409869599	0.002692480578270365	0.001838818083824742	0.0006842861579437727	0.0002346007495780047	0.000174236625783287	0.0003517601536921287	0.0007029722545638276	0.0009549005181509369	0.001134905753478733	0.001270348714928701	0.001278216845728417	0.001094673127384536	0.0008821134533610784	0.0004781837334368243	0.0002270147559591373	0.0001083639889354664	3.624539165734642e-05	1.418446422914529e-05	0	4.078320058401543e-06	4.007502043826043e-06	0.009429737144465027	
-0.2697791909646552	0.009686496119304992	0.006777173158427167	0.005832136504841477	0.004012813328075164	0.003829120722993437	0.004760020034815746	0.005642006619954434	0.006169493275510468	0.006384940453323089	0.005815593690302508	0.004824000681837552	0.003673215493795489	0.002419240768108944	0.001515957026829281	0.0006523045232168913	0.0005102644040796262	0.0008794003842303217	0.001113039403059394	0.001698470593760273	0.002376722918517057	0.002809910402557523	0.002798710087052415	0.002406671066823355	0.001892397237552399	0.001462271996451738	0.0007945516458569807	0.0003250919668063992	0.0001087361749720393	3.309708320133901e-05	3.934770253136886e-05	4.078320058401543e-06	0	0.009686496119304992	
-0.2635675198996681	0.009931530940042677	0.006740807839040484	0.005664405796493729	0.00403356925908245	0.003389031734920888	0.004122548624707971	0.005169152731805872	0.005915043164326832	0.006584709950057626	0.006170252210570436	0.005770050285519475	0.004313417452541057	0.003414251084024719	0.002426583990862148	0.001413326466969931	0.001300551956739535	0.001461157561490381	0.002101594136039777	0.002966453249009878	0.003939274318234152	0.00509822067050856	0.005421978646259754	0.004990421610135385	0.00386772821858319	0.002896823196762211	0.001797200151343171	0.0009695725325804887	0.0004660121784515969	0.0001796698802358404	4.809163642722861e-05	4.078320058401543e-05	8.015004087652085e-06	0.009931530940042677	
-0.2573558488346809	0.01015722090651159	0.006790396910931415	0.005713327253095156	0.004023191293578807	0.002990525958319761	0.003464061673607633	0.004538680880941123	0.005634779273747755	0.00615827890895121	0.006722391043260279	0.006170629847438848	0.005348637641150911	0.004287323861225326	0.003353002173924486	0.00311275140903499	0.002513985600587426	0.00277349351949563	0.00342698974099866	0.004422285186518683	0.006299549327280503	0.007512724519412779	0.008078664639342346	0.007356847341393132	0.006091860430049157	0.004497699173920275	0.003424139235716988	0.002087432628967405	0.001087361749720393	0.000515368866992279	0.0002229703143444236	6.117480087602315e-05	4.007502043826042e-05	0.01015722090651159	
-0.2511441777696938	0.01039697985790325	0.006810232539687787	0.005807675776540764	0.004043947224586092	0.00264746446368053	0.003022735312763789	0.003825817822292911	0.005081626858131156	0.005804840568574722	0.006665968096854017	0.006801329583226796	0.006088729267218481	0.005267701672495281	0.004616299696282221	0.004531799845506824	0.004405697537663114	0.003957301729036447	0.005147807239149696	0.007513971290368028	0.009301292805684397	0.009994531611492028	0.01032598706745309	0.009964745086044528	0.008331071503965741	0.006729223263292122	0.005265481145163325	0.003775629509225198	0.002371484197009238	0.001200951304734301	0.0005727276701788135	0.0002569341636792972	0.0001001875510956511	0.01039697985790325	
-0.2449325067047067	0.01057929045419373	0.006982141322243013	0.00599637282343198	0.004196157385306184	0.002380638856738906	0.002542880460100244	0.003363710613420453	0.004174456896519934	0.005420668459469842	0.006307279366128499	0.006920651154862354	0.006960493636574147	0.006267589489959663	0.005911179656698898	0.006305610391096616	0.006042277272698988	0.006751089103552778	0.00858944223545177	0.01116137818756751	0.0127060100661206	0.0131830227569091	0.01304950792828619	0.01301534152191761	0.01134684399408909	0.009729999445584078	0.007661748013620885	0.005748994781418428	0.0039818151692142	0.002264786121920198	0.001149827307305557	0.0005831997683514206	0.0002685026369363448	0.01057929045419373	
-0.2387208356397196	0.01072466996506202	0.006968917569738765	0.006090721346877588	0.004573223465271868	0.002245493419456785	0.002017491935286144	0.002833541102466005	0.00361392911536178	0.004709950057625817	0.005759170743896246	0.006954743032472514	0.007364592745285889	0.007374782341493393	0.007563993915116934	0.007718936858066547	0.008854954231772049	0.01083691858105366	0.01251437065676647	0.01465224401621765	0.01593802427711438	0.01717073991502966	0.01753579842603887	0.01654888198457799	0.01566693808619078	0.01225259189443921	0.009736410644469668	0.007636809536031026	0.005540367010480096	0.003612310223689001	0.001928037424037074	0.0009828751340747719	0.0005490277800041678	0.01072466996506202	
-0.2325091645747324	0.01084601496002064	0.006922634435973896	0.00613614841372177	0.005026394625597598	0.002470735814926987	0.001488600820306617	0.002403673931421857	0.003304163762616485	0.003860929696504034	0.00550526748506807	0.0065882553481633	0.00789128371843827	0.008686830258068608	0.009179961995799535	0.009910451177295224	0.01200365896914145	0.01441540168303704	0.01656378374816019	0.01696122477732033	0.01866015329451627	0.02032557943885921	0.01978312085414961	0.0183438239508041	0.01657920926445309	0.01412374563397461	0.01159667045024593	0.009376336726837197	0.007031605981525206	0.005007115872888288	0.003025401127967473	0.001651719623652625	0.000949777984386772	0.01084601496002064	
-0.2262974935097453	0.01092691162332638	0.007054871961016377	0.006464621050902775	0.0054484318894124	0.003021713366923327	0.001380020525178369	0.002084855779564115	0.003149281086243837	0.004164425662696888	0.00507000475564834	0.007014403818290292	0.00864953710220075	0.01079391092706672	0.01240137067781176	0.01356106771950905	0.01647780660979085	0.01939416078144871	0.02140404062593821	0.02127393121585448	0.02134116253824139	0.02182307659950364	0.02094437668131464	0.0193499573399443	0.0175819536174191	0.01621666574264013	0.01291461722789759	0.01014629138506288	0.008165568949090759	0.006075678844817233	0.004271411708127486	0.002467383635332933	0.001611015821618069	0.01092691162332638	
-0.2200858224447582	0.01095446338546674	0.007428442969261388	0.006946846837402551	0.006444716577762096	0.004168716950010049	0.002063025607436699	0.002332029402914499	0.003765124108963651	0.005213215520553208	0.006303249155670909	0.008130912810023013	0.01082894802558992	0.01406671446618184	0.01690186810121119	0.02055903642033588	0.02377707668278355	0.02741023351462511	0.02852163470339697	0.02950016436812198	0.0288496332116188	0.02684558112144029	0.02465371184146769	0.02178077560810702	0.01949696914864743	0.01686810445195986	0.01370916887375457	0.01095616961815952	0.00899403504411582	0.006955115627024241	0.005281336073099287	0.003438023809232501	0.002416523732427104	0.01095446338546674	
-0.2138741513797711	0.01105177386451568	0.0078714386781537	0.008002152544090462	0.007534402955644576	0.005804323267885979	0.003499087575261906	0.00331714166989067	0.004664918705033318	0.006488666922781406	0.008128934492959223	0.01003579647149067	0.01335343234518237	0.01727123298361647	0.02219719021576069	0.0270992475610105	0.03129414253800537	0.03408014719809508	0.03624700687594736	0.03778118689438174	0.03658837461758611	0.03214571152147394	0.02746913064545773	0.02535456140633301	0.02080883018185108	0.01806702888506958	0.01572077185017026	0.0119200387829013	0.00993123731411292	0.007952756277807459	0.005963362916976348	0.004751242868037798	0.003358286712726223	0.01105177386451568	
-0.207662480314784	0.01130208455459939	0.009121083289805147	0.009200728230825409	0.00907034185018369	0.00782803955949518	0.005334444821945829	0.004646147673702159	0.005538899521707544	0.007456780637725701	0.009704746781876949	0.01193641864825705	0.01478367076365651	0.01956853621301025	0.02466062038435827	0.03044087775012159	0.03447396095855035	0.03680628838920908	0.03979115865937333	0.04132684209702416	0.04028915424849502	0.0360156480040382	0.03216428010493074	0.02850979571467667	0.02463132181308242	0.02047180795032433	0.01772606886114264	0.01416146234351385	0.01123607141377739	0.009300280379576262	0.007239977265771871	0.00589317248439023	0.004716829905583252	0.01130208455459939	
-0.2014508092497969	0.01173060238703777	0.01034758633457416	0.01065089998008198	0.01023959263026076	0.009373548919183029	0.006700454986462489	0.005194228316783447	0.005667968418684751	0.006968882059162505	0.008765707745258457	0.01102872240688656	0.0138392593635212	0.0175102305594982	0.02266039930729186	0.02846107630246331	0.03215288019365156	0.03554130475958547	0.03776279079985062	0.04032497925830842	0.03891575380769104	0.03594834476086316	0.03385186051563101	0.02931470242598883	0.02681775686842185	0.02286965681654377	0.01995838062807416	0.01664813072119086	0.01316743299780456	0.01107806656296247	0.009417216805840949	0.007226783143487535	0.006063350592308802	0.01173060238703777	
-0.1952391381848098	0.01227049968344784	0.01162698438936017	0.01162234033259602	0.01123587731861046	0.01026412269819598	0.007607625839308169	0.005298112883119116	0.004934119547300063	0.005182481751824818	0.006532971151753545	0.009145146168925254	0.01202762403345396	0.01562263746018739	0.01978639744392801	0.02503933854032558	0.02971979016932066	0.0331466298671429	0.0351705806111465	0.03535480033186707	0.03505049508207507	0.03503975097800025	0.0323898477835887	0.02941129123134629	0.0270439398051811	0.02507346010977435	0.02265733383781057	0.02011007499928708	0.01633113789818152	0.01362654196946558	0.0110785642460543	0.008968225808424993	0.007694403924146002	0.01227049968344784	
-0.1890274671198227	0.01286667291954885	0.01261545988905272	0.01275452261394331	0.01207649252440551	0.0109225235464935	0.008122506593625987	0.005151241599679032	0.004167081530978379	0.004337303111794083	0.005368240329510007	0.00825023438165857	0.01189141085074213	0.0158470025314233	0.02000747451034062	0.02388922267044317	0.02870548409779653	0.0331263360121222	0.03458477039900998	0.03286579734193266	0.03208164742261259	0.0331973246960838	0.03253187187755852	0.03033693394935527	0.03015772490123345	0.02826135166601985	0.02606255517719763	0.02333818119599624	0.02003334576032476	0.01629322124454489	0.01350063393520745	0.01094213271669134	0.008892647035249989	0.01286667291954885	
-0.1828157960548355	0.01333739770675546	0.01319730499923963	0.01257630873632383	0.0121629755702692	0.01134528619645295	0.008784496134891753	0.005767384544842311	0.004805050650322856	0.005278524779101037	0.006819116094242441	0.009639478394272564	0.0144022738520634	0.01801749072055331	0.02303938856399918	0.0268703687809344	0.03095811475970902	0.03525042617095543	0.03681817183278047	0.03571484478953053	0.03493535971578012	0.03429100239767804	0.03543083426623669	0.03520661955279383	0.03329412829096173	0.0322808671065033	0.02951191827468785	0.02688567599167308	0.02307278074644795	0.01819866760599341	0.01503519433393084	0.01194539945105812	0.009774297484891717	0.01333739770675546	
-0.1766041249898484	0.01354432902666073	0.01302209027855835	0.01244701631530578	0.01221140607595287	0.01178190991690288	0.01012248557808499	0.007425955379787645	0.006571450697525196	0.00746062235881675	0.009507266469455034	0.01272905480269326	0.01702664783897785	0.02249015964062569	0.02799783133925329	0.03290704660544159	0.03665814151747655	0.03918743404497118	0.04227352943330184	0.04160861602041296	0.03943386295601829	0.03662979009801035	0.03610753730221056	0.0371705919283955	0.03582737718266534	0.03339662915118922	0.03015512674990541	0.02738186899364075	0.02446046145561493	0.01993862855143523	0.01608009443448608	0.0126917320217456	0.01029928025263293	0.01354432902666073	
-0.1703924539248613	0.01352322554927662	0.01190798913007544	0.01138122743934613	0.01159218746756886	0.01125865450588749	0.01018553220106269	0.007737609078794653	0.006907029829665933	0.008079139454475606	0.01097023286556024	0.01473621409699139	0.01878379789596037	0.02461675031581823	0.0298875138831134	0.0349440677481189	0.03748576548994717	0.03889655545634115	0.03934447837261923	0.03951879275527935	0.03688443698805881	0.03339923442560888	0.03177997961536533	0.0316167356203416	0.03255526403088151	0.03117203526085269	0.02908941858998613	0.02571648558473779	0.02294851083219419	0.0201892207528168	0.01594893542604818	0.01280184666332244	0.009710177452190501	0.01352322554927662	
-0.1641807828598742	0.01316563884915703	0.01081372361034891	0.01020361809115465	0.01047482651501	0.01010818565517815	0.009481511577811791	0.007243261832093883	0.005937169260951496	0.007437572032270457	0.01012388866946632	0.01343646126310406	0.01676784279182539	0.02171951439594582	0.02583443433221566	0.02967985580636855	0.03128791980137025	0.03190194009253998	0.03053535730761626	0.02896009768162678	0.02808480542123096	0.02590333571698986	0.02426105699343347	0.02506479499026063	0.02650110075695889	0.02690303265509785	0.02585445831756842	0.02433056719993156	0.02142102646949174	0.0192908713516376	0.01596205132689197	0.01289564802466568	0.009766282480804064	0.01316563884915703	
-0.1579691117948871	0.01265915539193847	0.009193813928578513	0.008501850279376461	0.008862782540110836	0.008441391928698654	0.008231086888754234	0.006254567338692344	0.004882491988509181	0.006150595466769113	0.008765707745258457	0.01172334441319356	0.0153285234945038	0.01831014081346971	0.02210244290158386	0.02287643406860641	0.02405709983136384	0.02366939957247612	0.02174088149791671	0.02057732346080994	0.01955656436066976	0.02015732133092163	0.02059349362562449	0.02122538997730163	0.02275400343798064	0.02454676498309031	0.02459957119434986	0.02216899078906094	0.02087216768153763	0.0182081239154795	0.01601888689721506	0.01325454018980502	0.01024317522401936	0.01265915539193847	
-0.1517574407299	0.01203308556287664	0.008261539377029019	0.007418589454630591	0.007392570760428126	0.007464186459120238	0.007386962658886246	0.005932166960409234	0.004321964207351027	0.005670380330388014	0.008225659543941385	0.01127162703485894	0.01512420372043606	0.01792481819112978	0.01951794672042699	0.0192544273739021	0.02008077112152382	0.01806153096842276	0.01619765236557486	0.01416696670371472	0.01502516530149018	0.01739788836074538	0.01873047168707915	0.01988924483652345	0.02170602249766278	0.02280035482619061	0.02462479505612309	0.02314426668948014	0.02114141916242078	0.01895044421013811	0.01680584094784244	0.01435976492563183	0.01126108074315118	0.01203308556287664	
-0.1455457696649128	0.01141287781086595	0.007514397360539	0.006859487093471432	0.006679950462511329	0.006940931048104845	0.007029698462012658	0.006290389602946023	0.005007873202715609	0.005885516711486746	0.00884631195441026	0.01188101934714054	0.01538754920701225	0.01781751315706043	0.01791250611909737	0.01698280548164678	0.01612933335822428	0.01397570149092188	0.01102055461581834	0.009775989730905902	0.01006612059607224	0.01366255836453119	0.01774465738775919	0.01930166293726557	0.02160800989173377	0.02372207129788767	0.02534998108210367	0.02530584310035076	0.02277763970009527	0.02044454110894142	0.01799064399073143	0.01550985118210107	0.01287209656476925	0.01141287781086595	
-0.1393340985999257	0.01066253194831993	0.007540844865547496	0.006475104220174509	0.006468931830603928	0.006888952033765568	0.007089242494824923	0.007024746020146441	0.005970358405888491	0.006546292739147138	0.009479054996251905	0.01266513253217421	0.01573716304263927	0.01728586548826229	0.01665447233641613	0.01594712900180242	0.01354689765465056	0.0101942798387315	0.007249401375189473	0.005518072666364021	0.006324221191486562	0.00934673789593236	0.01345887149325803	0.01750672097103946	0.01945927199252089	0.02259937905416643	0.02480766805397907	0.0264408133002538	0.02464686632699557	0.02223651175655677	0.01979626634022647	0.01699843800341763	0.01472757001106071	0.01066253194831993	
-0.1331224275349386	0.009958496494477923	0.007537538927421435	0.006604396641192565	0.00626829116420017	0.006992910062444123	0.007330921216239409	0.007956124890742095	0.007242608961806669	0.007552823665001921	0.01028509708776992	0.01386260973323106	0.01598234677152055	0.01679323783185301	0.01559646066144153	0.01468829571138386	0.01186053602653375	0.007441080174256568	0.004386253963372217	0.00258292763106401	0.003116878844698839	0.005417911075589955	0.009239920466507377	0.01301534152191761	0.01654905153955186	0.01993125242556966	0.02268255769958381	0.02535717341089913	0.02540801955179984	0.02340909413283278	0.02083679447383378	0.01829534378198932	0.01583364057515669	0.009958496494477923	
-0.1269107564699515	0.009230426524726242	0.007772260534371839	0.0067476666212396	0.006334018279056574	0.007083007020632203	0.007775750167248681	0.008998552780524152	0.008481670372787851	0.008797541298501729	0.01134907264857371	0.0144379101679025	0.01629109665233401	0.01592992005774962	0.01489638328446828	0.01337224272594627	0.01009327882216041	0.005837865627621289	0.002431112380366571	0.0009314193578685368	0.001282936938715089	0.002565936146048038	0.005547294023291951	0.009208132777411098	0.01265870502729274	0.01584936519376837	0.0197187539412284	0.02271081073373827	0.0242015658009196	0.02318214270516646	0.02092860577974031	0.01913955603407844	0.01693169613516503	0.009230426524726242	
-0.1206990854049644	0.008575632518113819	0.008076406841969546	0.007055172919877137	0.006506984370783952	0.007166173443575047	0.008413221577356455	0.009958589462522748	0.009886677508454013	0.01029197080291971	0.01223974915970112	0.01488110457683457	0.01598688721094427	0.0151202548006809	0.01404365745687681	0.0120905215575201	0.008214012358354957	0.004681115891441405	0.00152310655155496	0.0003130821370986678	0.0002549425967959472	0.001034787363816094	0.002447827031362262	0.005706788583203207	0.00902469917669411	0.01221794089926263	0.01556312271408753	0.01926597655915818	0.02200095273600928	0.02229324961347335	0.02074935513487518	0.01839730178344936	0.01688360611063911	0.008575632518113819	
-0.1144874143399773	0.008009942082678734	0.008575603499004913	0.007453533352203038	0.00676297418654047	0.007398346374290487	0.009085718889118502	0.01081832380461104	0.01144287963772204	0.01160199769496735	0.0131828184067772	0.01488110457683457	0.01556462634453762	0.01430083454051497	0.0131593491912264	0.01101479129116242	0.006384527787630444	0.003510836918581053	0.0008494248075979584	8.609758770213365e-05	3.289581894141254e-05	0.0002187355403188491	0.0009189794315694498	0.003098890838551812	0.006144636448626316	0.009605255862948385	0.01254887123218565	0.01593520974135227	0.01909614349032766	0.02042090033522617	0.0194639968521838	0.01772845729387151	0.01624641328567078	0.008009942082678734	
-0.1082757432749901	0.00760663118156025	0.009104553599174838	0.007921781579673834	0.007223063990535295	0.007859226968098746	0.009810755053361962	0.01140222671194601	0.0128810759183252	0.01265078755282367	0.0139163167100586	0.01535412937867553	0.01451124439823286	0.01377406437326544	0.01222766726848757	0.009309644379595456	0.005507121922078892	0.002218794815596504	0.0004686481697092185	2.348116028240009e-05	8.223954735353136e-06	8.412905396878813e-06	0.0003341743387525272	0.001376390476343792	0.004154226605144908	0.00725591838997616	0.009856223987892546	0.01310063592551402	0.01649165320409262	0.01831214331982657	0.01860709133038954	0.01694541984265841	0.0154649503871247	0.00760663118156025	
-0.102064072210003	0.007280699697516825	0.009362416773007677	0.008840806085829201	0.007741962265717429	0.00830971175903915	0.01061284820124482	0.01223330324263136	0.0141828279364096	0.01404533230887438	0.01428709607215689	0.01507713287309299	0.01397547254623303	0.01296439911619672	0.01095910600645334	0.007964981546648356	0.004393252064392878	0.001434099088129448	0.0002343240848546092	7.827053427466696e-06	0	0	8.35435846881318e-05	0.0005956309663709976	0.002518170029252993	0.005523368631147087	0.008569807037457435	0.01101890666438532	0.0142081935296798	0.01672821148090535	0.0171818301053644	0.01636222007430699	0.01534472532580992	0.007280699697516825	
-0.09585240114501592	0.007063216638919502	0.00956407899869746	0.009497751360191212	0.008572199506008842	0.009020091621675943	0.01113123154572807	0.01309303758471965	0.01521169142945647	0.01533999231655782	0.01471026817020385	0.01459984658655075	0.01354867124040265	0.01195475629563512	0.009906358071155233	0.006643206591708866	0.003515846198841327	0.0008929296209107882	8.787153182047846e-05	0	0	0	1.670871693762636e-05	0.0003300117516379852	0.001447570795259206	0.003977934246271553	0.007308613948795561	0.009764165739869393	0.01267035334078953	0.01522465827261595	0.01661784636908145	0.01573415878531315	0.01522850776653896	0.007063216638919502	
-0.08964073008002876	0.006875630173282998	0.009408699906772545	0.01026651710678506	0.009530431654178514	0.009844825315859144	0.01149900351309794	0.0139133674361289	0.01648025430260387	0.01648866692278141	0.01546794773623079	0.0136154436205574	0.01294025235762317	0.01125239607263575	0.008837818916827649	0.005493090721826453	0.002557544757033248	0.0004464648104553941	2.196788295511961e-05	0	0	0	0	0.0001448832080361886	0.0007237853976296029	0.00291761379386816	0.00591499558582419	0.008771779735934069	0.01130856219709208	0.01407571667005518	0.01572596511170376	0.01576678534578036	0.01535674783194139	0.006875630173282998	
-0.08342905901504166	0.00670621614650503	0.008998763579140853	0.01098286700702023	0.0107515722617738	0.01103687737803991	0.01191581174278379	0.01471578615541131	0.01728785682940411	0.01736457933154053	0.01598381467480232	0.01340236938549391	0.01183238513823368	0.0101988557381367	0.008164060238236858	0.004520355906503019	0.001636579735035874	0.0002435262602483968	7.322627651706539e-06	0	0	0	0	4.024533556560795e-05	0.0003995898549413433	0.001808781948217553	0.004672720393492244	0.007950494767160008	0.01011246427239965	0.01325301774476475	0.01484719975516985	0.01577494198589717	0.01571341551384191	0.00670621614650503	
-0.07721738795005451	0.00655380214317537	0.008658251952156464	0.01167126178919744	0.01196925354753454	0.01200368704475047	0.01278795669397519	0.01532118242129848	0.01774144181020972	0.01849788705339992	0.01599993551663268	0.01303162021648342	0.01101056560253901	0.009155070406734854	0.007032356207791387	0.003890939261293737	0.001032974281429487	0.0001082338934437319	0	0	0	0	0	0	0.0002261829367592509	0.001039529855297444	0.003493504855593391	0.006923888556192432	0.009190795741684271	0.01208989167797484	0.0143269356883662	0.01554655606262668	0.01638667585720469	0.00655380214317537	
-0.07100571688506746	0.006387905362628087	0.008654946014030402	0.01188791395414662	0.01353286701675004	0.01281802493606581	0.01364258869433946	0.01620957457478972	0.01814339923222445	0.01914329619669612	0.0158709687819898	0.01249893462882468	0.01034766144667481	0.008403935168249416	0.005963817053463804	0.003044087775012159	0.0006347191367819739	2.029385502069973e-05	0	0	0	0	0	0	9.801260592900872e-05	0.000589066918001885	0.002453020557447345	0.005726181310063592	0.008522844952570316	0.01102605686078894	0.01342631049709264	0.0153304050995314	0.01697978615969094	0.006387905362628087	
-0.0647940458200803	0.006189180950594415	0.008483037231475176	0.0118634532258459	0.01491313642873451	0.01406898654783109	0.0143781326290792	0.01684362865207984	0.01867442555121638	0.01965040338071456	0.01566139783819511	0.01203869428108753	0.009589408062912329	0.007979592533520629	0.004990025213313051	0.002231568105741997	0.0002675776753100479	1.352923668046649e-05	0	0	0	0	0	0	3.015772490123345e-05	0.0003326495536951821	0.001570185395384033	0.004551287535289589	0.007844538337268548	0.01002368805526267	0.01264810038036113	0.01520805549777935	0.01757690396422102	0.006189180950594415	
-0.0585823747550932	0.006074284240392055	0.008426836283332122	0.01200322881613569	0.01551851774978033	0.01550014207597253	0.01541139672788027	0.0172161802003181	0.01902475541444023	0.01976949673453707	0.01614905330356351	0.01145487087701355	0.008926503907048125	0.00760402491427791	0.004074134509603693	0.001390438588962321	0.0001617911525130522	0	0	0	0	0	0	0	0	0.0001940455729888562	0.0009332828856097869	0.00349046111728976	0.006814133631581128	0.009200989129972246	0.01216281204914091	0.01493480805386645	0.01770514402962346	0.006074284240392055	
-0.05237070369010605	0.006019180716111332	0.008340881892054508	0.01223385854011385	0.01612043974899161	0.01642190326358905	0.01678791466289321	0.01766037627706372	0.01942302515368418	0.01963119477525932	0.01626189919637603	0.01106281428449672	0.008522404798336382	0.006755339644820337	0.003510914364219203	0.0008239636082739679	7.46728396214087e-05	0	0	0	0	0	0	0	0	6.930199035316294e-05	0.000561230924454534	0.002435338067128639	0.005757839360424175	0.008539047465945466	0.01137585799851353	0.01482877173234801	0.01817802927079493	0.006019180716111332	
-0.046159032625119	0.005980491007573804	0.008519402550861858	0.01271608432661362	0.01609968381798432	0.01773177442493884	0.01789473315516825	0.01814039461806302	0.01989504854834368	0.01902420284287361	0.01619741582905459	0.01104150686099037	0.008077441734811095	0.005940796886203011	0.002847683164981393	0.0004806454381598146	1.866820990535218e-05	0	0	0	0	0	0	0	0	2.079059710594888e-05	0.0003279102030520873	0.001574129523483617	0.004908661613023487	0.007758901933342475	0.01064136755126131	0.01490218149339924	0.01844252440568745	0.005980491007573804	
-0.03994736156013184	0.005907215044434544	0.008992151702888728	0.01293972527107728	0.0162000041511862	0.01864660507731012	0.01919769669670722	0.01892848443164396	0.01995036378990534	0.01846331156358048	0.01585484794015943	0.01122475070314497	0.007868581521319633	0.004911644059446989	0.002158133267361129	0.0002117128715703945	6.222736635117392e-06	0	0	0	0	0	0	0	0	0	0.0001828729978559718	0.0009866826360966151	0.003676318296673709	0.007120601043030936	0.0102304026581559	0.01470234381053756	0.01924803231649648	0.005907215044434544	
-0.03373569049514474	0.005931249560344221	0.009613668070588392	0.01282441040908821	0.01608238720881159	0.01970351170220876	0.02010136495938747	0.01990643224576939	0.01989873623111445	0.01797541298501729	0.01535510184341826	0.01123327367254752	0.008122846129048369	0.004092223799281056	0.001310671179446149	0.0001373272680456613	0	0	0	0	0	0	0	0	0	0	7.567158531971244e-05	0.0005760401517095846	0.002765005592146141	0.006141873011219911	0.009981200542123902	0.0147920668518224	0.01928810733693474	0.005931249560344221	
-0.02752401943015759	0.005985180669214716	0.01000376876946371	0.01298515233792147	0.01598206687560971	0.01970351170220876	0.02131676374679075	0.02094527790912608	0.01963322307161849	0.01746830580099885	0.01473444943294939	0.01190658825534816	0.008050199098268731	0.003497168610351034	0.0007685059927676216	6.29416645209281e-05	0	0	0	0	0	0	0	0	0	0	2.522386177323748e-05	0.0003650155416773605	0.001858870800712481	0.005456290573477888	0.00971451055830018	0.0148002234919392	0.01943237741051248	0.005985180669214716	
-0.02131234836517054	0.006053766970713063	0.01068809796155855	0.0128313991886027	0.01581947874938597	0.01991489302718849	0.02217840092748588	0.02173694994913239	0.01959634624391072	0.01666538609296965	0.01462966396105205	0.01238813602659166	0.007932147673251818	0.003063070972525034	0.0004632090915311692	5.721969501902555e-06	0	0	0	0	0	0	0	0	0	0	6.305965443309371e-06	0.0001939145065160978	0.001284122447288845	0.004652504267159656	0.009644559087133301	0.01474720533117998	0.01953657246365196	0.006053766970713063	
-0.01510067730018338	0.006092456679250592	0.01118068274234179	0.01269162359831291	0.01596822958827152	0.01993221936530158	0.02289993450156391	0.02244981300778059	0.01921651491852065	0.01613522858240492	0.01464578480288241	0.0127375777720958	0.007795934490539994	0.002550933309921326	0.0002316045457655846	5.721969501902555e-06	0	0	0	0	0	0	0	0	0	0	0	0.0001026606210967576	0.0008543556604945942	0.004122950935938232	0.009377869103309578	0.01511425413643612	0.01957263998204639	0.006092456679250592	
-0.008889006235196284	0.006146973995826201	0.01139226278240976	0.01294321966083453	0.01586099061140054	0.02013320488741345	0.02311359250165497	0.02320924500995859	0.01893625102794157	0.0157011140991164	0.01459742227739133	0.01319781811983295	0.007301026593353705	0.002102203167449506	0.0001631759299712074	0	0	0	0	0	0	0	0	0	0	0	0	3.99235748709613e-05	0.0006524170498322356	0.00367377623534863	0.009233594194027894	0.01543236310099144	0.01956863248000256	0.006146973995826201	
-0.002677335170209127	0.00618566370436373	0.01154433593620862	0.01300611867646493	0.01568802451967316	0.02022330184560154	0.02353740591167168	0.0233417873876972	0.01874080384109037	0.01562812139838648	0.01445233470091808	0.01338532344668883	0.007128489895252063	0.001911980607053843	0.0001631759299712074	0	0	0	0	0	0	0	0	0	0	0	0	1.140673567741751e-05	0.0005799262665175428	0.003508290819341935	0.009216106326236173	0.01548538126175066	0.01980106759854448	0.00618566370436373	
0.003534335894777918	0.006209112012568293	0.01115754117545936	0.01306901769209534	0.01578142620920595	0.01995301097103729	0.02344283597720514	0.02323432059493617	0.01882562054481825	0.01557817902420284	0.01475460048523734	0.01289951419074406	0.007459941973184165	0.002194875696873034	0.0002000221077066413	0	0	0	0	0	0	0	0	0	0	0	0	5.133031054837882e-05	0.0006834845283956755	0.003635950997404243	0.009342893367726139	0.01517950725737054	0.01986919513328952	0.006209112012568293	
0.009746006959765074	0.006146973995826201	0.01084017111535741	0.01328217546728727	0.01565343130132769	0.01963074108213377	0.02302602774751929	0.02254653312126553	0.01886987273806758	0.01622742988859009	0.01481908385255878	0.01257564135344754	0.00789128371843827	0.002658238343990674	0.0003421430789718864	0	0	0	0	0	0	0	0	0	0	0	0	0.0001368808281290102	0.0009527360092788203	0.003900727663014955	0.009570235649018493	0.01501637445503448	0.01976099257810621	0.006146973995826201	
0.01595767802475223	0.006114732572044927	0.01032444476769173	0.01334507448291768	0.01576412960003321	0.01937084601043739	0.02264774800965314	0.02164381206207282	0.01895468944179546	0.01691893968497887	0.01493999016628648	0.01209409358220404	0.008018416022302638	0.003185008511240202	0.000573747624737471	1.144393900380511e-05	0	0	0	0	0	0	0	0	0	0	0	0.0002281347135483503	0.001480883144857297	0.004496475160639057	0.00964893105408123	0.0150693926157937	0.01958065498613404	0.006114732572044927	
0.02216934908973933	0.006067835955635801	0.00979218872939574	0.01329964741607349	0.01582985671488961	0.01920797843217432	0.02207682581268848	0.02064078866296981	0.01918332577358365	0.0174644640799078	0.01543570605257007	0.01154436205574022	0.007845879324200996	0.003589841139774562	0.001021165497239169	5.721969501902555e-05	0	0	0	0	0	0	0	0	0	0	3.152982721654685e-05	0.0004049391165483218	0.002133300194689532	0.005139504205693644	0.009775718095571198	0.01509794085620251	0.01965279002292291	0.006067835955635801	
0.02838102015472643	0.006016835885290876	0.009537631493688964	0.01282441040908821	0.01615503296733708	0.01912134674160886	0.02076335450065323	0.01975956096232931	0.01912432284925122	0.01807529773338456	0.01577827394146522	0.01130145742776783	0.007736908778031538	0.004258058851933685	0.001615968080682602	0.000154493176551369	0	0	0	0	0	0	0	0	0	0	6.936561987640308e-05	0.0007129209798385947	0.002785717244521768	0.006118232237504669	0.01002929217855113	0.01496743461433366	0.01944439991664396	0.006016835885290876	
0.03459269121971353	0.005992215161676085	0.009170672361696079	0.01263221897243975	0.01625881262237351	0.01862927873919703	0.01906810086058641	0.01892131997879322	0.01905794455937723	0.01896273530541683	0.01585887815061703	0.01128441148896276	0.007659721307828171	0.005277456675592494	0.002316045457655846	0.0003433181701141533	0	0	0	0	0	0	0	0	0	0	0.0001891789632992811	0.001157783671257878	0.003645250818110269	0.00698821271022558	0.01045337297250033	0.01495927797421686	0.01893143965503422	0.005992215161676085	
0.04080436228470069	0.005990456538560743	0.008730982590929828	0.01228277999671527	0.0161273583926607	0.01783919772124001	0.01739036017134671	0.01836965710928656	0.01948202807801662	0.01918555512869766	0.01603620741075099	0.01129293445836529	0.007864041081895905	0.006150529452793102	0.00310560640912943	0.0006065287672016708	1.866820990535218e-05	0	0	0	0	0	0	0	0	2.079059710594888e-05	0.0003531340648253248	0.001916331593806143	0.00448925065241705	0.007735261159627233	0.01123595505617977	0.01484100669252322	0.01873507205488675	0.005990456538560743	
0.04701603334968779	0.006053766970713063	0.008661557890282525	0.01188092517463213	0.01551159910611124	0.01701792929467943	0.01611541735113116	0.0175958962014071	0.01964428611993082	0.01945831732616212	0.01600396572709027	0.01138668712179323	0.00844067688870929	0.006911419694375753	0.003616189157749014	0.001064286327353875	6.845010298629131e-05	0	0	0	0	0	0	0	0	6.930199035316294e-05	0.0006747383024341026	0.002652066044999572	0.005540367010480096	0.008633610560806434	0.0117518471560355	0.01501229613497608	0.01814596925444432	0.006053766970713063	
0.05322770441467489	0.006118249818275611	0.008489649107727299	0.01183549810778795	0.01497540422175637	0.01595062686691293	0.01494555223587843	0.01697975325624382	0.01943408820199651	0.01941221667306953	0.01594351257022642	0.01157419244864911	0.009121742802268403	0.007443067363173888	0.004332057753751731	0.001670815094555546	0.0001866820990535218	0	0	0	0	0	0	0	0	0.0001801851749182236	0.001116155883465759	0.003507571220805886	0.006607017107824863	0.00945630948609686	0.0125125694049753	0.0150571576556185	0.01775323405414937	0.006118249818275611	
0.05943937547966199	0.00621731892043989	0.008426836283332122	0.01197177930832049	0.01425586528017047	0.01460263776171434	0.01402787361253647	0.01621315680121509	0.01895837712456624	0.01907414521705724	0.01608860014669966	0.01191937270945197	0.00976194476101397	0.007901552508742922	0.005226893498755126	0.002534832489342832	0.0004231460911879826	6.764618340233244e-06	0	0	0	0	0	0	2.261829367592509e-05	0.0003603703498364473	0.001866565771219574	0.004408703339321869	0.007544219377821963	0.01058633846968544	0.01305906527346653	0.01517135061725374	0.01723626629049581	0.00621731892043989	
0.06565104654464915	0.006376767416230919	0.008512790674609734	0.01153847497842214	0.01330801109750445	0.01292198296474437	0.01334837112044357	0.01561492498817865	0.0185416689714684	0.01887053399923165	0.01582260625649871	0.01259268729225262	0.01033404012840363	0.008481975193027123	0.006374388748230067	0.003272966555088261	0.000746728396214087	3.382309170116622e-05	0	0	0	0	0	0	7.539431225308362e-05	0.000755391694849476	0.002623281624416698	0.005401089343257193	0.008553912431133756	0.01165962959635743	0.0136842565470205	0.01527330861871378	0.01676338104932433	0.006376767416230919	
0.07186271760963625	0.006525664173329894	0.008740900405308014	0.01119253039245491	0.01211454506458554	0.01149429270422555	0.01267237121851609	0.01506684434509736	0.01795901509368558	0.01843257779485209	0.01563721657544957	0.01283559192022501	0.01129207284681011	0.009403822985713798	0.007327125629674859	0.003925271078305152	0.001319220166644887	8.794003842303217e-05	0	0	0	0	0	0	0.0002261829367592509	0.001268226423462882	0.003714213646109219	0.006433398922063478	0.009656807920135868	0.01262417316393931	0.01414331307655314	0.01542828478093304	0.01665117099209721	0.006525664173329894	
0.07807438867462335	0.006742561024222102	0.00889627949723293	0.01082212507818697	0.0108242180202993	0.01023640055721503	0.01209444384122058	0.01460115490979954	0.01706659586315747	0.01755282366500192	0.01548406857806115	0.01341515383959772	0.01203216447287768	0.01044273081556703	0.008137741539854405	0.004743512717077218	0.002016166669778035	0.0002976432069702628	0	0	0	0	0	3.219626845248636e-05	0.0004674447359691185	0.002072129511559572	0.004704250220708791	0.00748281860438589	0.01082701627935877	0.01354143518409071	0.01493026712718052	0.01529370021900579	0.0161582482407066	0.006742561024222102	
0.08428605973961045	0.006909630220179614	0.009114471413553024	0.01013373029600976	0.009834851975618699	0.00932503517246637	0.01120828852936747	0.01388470962472596	0.01637699918502211	0.01633499807913946	0.01496417142903202	0.01420352850933265	0.01265874511335207	0.01139872111909396	0.009037841024534291	0.005681915715389237	0.002912240745234939	0.0006223448873014585	2.929051060682615e-05	0	0	0	0	0.0001046378724705807	0.0009499683343888537	0.00304928757553917	0.005845629965947787	0.008606382068611515	0.01185224307195228	0.01469037678665147	0.01546364709482796	0.01574639374548836	0.01567334049340365	0.006909630220179614	
0.09049773080459761	0.007105423593687716	0.009448371164285289	0.009323031872328975	0.008734787632232578	0.008687425929904567	0.01044122128313888	0.01315393543395091	0.01523750520885191	0.01518632347291587	0.01462160354013687	0.01448478649961647	0.01358045431636874	0.01218887636996825	0.009964259207596629	0.006929305066803994	0.003826983030597196	0.001095868171117786	5.858102121365231e-05	0	0	0	1.670871693762636e-05	0.0003541589529773499	0.001673753732018457	0.004199700615401675	0.00681044267877412	0.009980893717740325	0.01337972743465474	0.01548943493822666	0.01613693000480916	0.01643970815541662	0.01536075533398522	0.007105423593687716	
0.09670940186958471	0.00736628602246348	0.009273156443604002	0.008687052936510432	0.007759258874890166	0.008205753730360596	0.009670651446744867	0.01254853916806374	0.01393944087353829	0.01407606607760277	0.01412991786431088	0.01481718230631552	0.01432962682128376	0.01282782907283573	0.01111175445707157	0.008331187594770121	0.004611047846621987	0.001826446951862976	0.0002489693401580223	0	0	0	0.0001002523016257582	0.0007485632415203078	0.002744352966012244	0.005447136441758607	0.008147307352755706	0.01181737816180455	0.01515575162586471	0.0167234833261623	0.01726052551042714	0.01686385344149038	0.01540083035442348	0.00736628602246348	
0.1029210729345718	0.007702769245198959	0.008843384487215937	0.008030107662148421	0.007091609760822488	0.007769130009910665	0.009330900200698416	0.01150252905185631	0.01249755691016436	0.01286208221283135	0.01350523524338441	0.01517514702122219	0.0149652883406056	0.01350092428654346	0.0124329531158707	0.009658684519211513	0.005556903815159831	0.002719376572773764	0.0005638423291814034	3.130821370986678e-05	1.644790947070627e-05	5.889033777815169e-05	0.0003174656218149008	0.001650058758189926	0.004312554660876384	0.007242057991905528	0.01000126119308866	0.01428693643596544	0.01703533407895282	0.01825540546290999	0.01850216412363923	0.01756124617147704	0.01562124296683391	0.007702769245198959	
0.1091327439995589	0.008174080240110676	0.008211950305138089	0.007526915537105178	0.006555414876467617	0.00736715896568692	0.00891759456117799	0.0104099499921191	0.01138018903061883	0.01142912024587015	0.01306997251396468	0.01489815051563965	0.01540571096470716	0.01455446462104252	0.01316987667057938	0.01091179584012817	0.007112587973939179	0.00383553859891225	0.001076426264800861	9.392464112960035e-05	4.111977367676568e-05	0.0002355613511126068	0.001144547110227406	0.003348411919058581	0.006634699478271359	0.009577535066807119	0.01302181864043385	0.01661391051415861	0.01940681827596205	0.02026014307396252	0.01988370567918506	0.01853596466543501	0.01626244329384608	0.008174080240110676	
0.115344415064546	0.00872980514455882	0.007844991173145204	0.00729279142336978	0.006223319980351052	0.006923604709991753	0.008416724167521882	0.009500064480075657	0.009975181894952669	0.009781021897810219	0.01253798473356279	0.01446347907611012	0.015941482816707	0.01547631241372919	0.01400681127914138	0.01218779503905244	0.008718054025799466	0.004728468219823038	0.001947818955353939	0.0003678715110909347	0.0003371821441494786	0.001144155133975518	0.002756938294708349	0.006189732609990502	0.009635393105944088	0.01216942950601541	0.01659730104679026	0.02008726152793225	0.02242036369661572	0.02250128842216748	0.02112534429239715	0.01884591698987353	0.01688761361268294	0.00872980514455882	
0.1215560861295332	0.009406288836260464	0.007557374556177806	0.007016734632547445	0.006133377612652815	0.006729549723125117	0.007978900396843465	0.008550774477353165	0.008190343433896442	0.00860161352285824	0.01148206959367418	0.01417369811642376	0.01607769599941882	0.01625671266150627	0.01479637223061496	0.01336079878694247	0.01057242954306445	0.006061098032848987	0.003038890475458213	0.001189712120974938	0.001250041119773677	0.002826736213351281	0.006023492456014303	0.009884254414913312	0.01332971440634519	0.01661861728668847	0.02062681296506495	0.02353779907035104	0.02434136945445508	0.02345164752552022	0.02182923097101386	0.01873172402823829	0.0166191109757466	0.009406288836260464	
0.1277677571945203	0.01012791052125589	0.007441666721765636	0.006716217113424397	0.006188726762005576	0.006480050454296585	0.007614631019639023	0.00774119130522002	0.00666364276679463	0.007694967345370726	0.01013597930083909	0.01384982527912725	0.01572354172436808	0.01704686791238056	0.01571752667400081	0.0143392555717678	0.01224634569791103	0.008022837351516628	0.004920805781946794	0.002833393340742944	0.003560972400407908	0.006116182223530896	0.01055155474611105	0.01403757304528405	0.01717482433125245	0.0204579475522537	0.0244923697818136	0.02642940656457638	0.0252992833768278	0.02381571544073494	0.02137454640842915	0.01818522914041248	0.01619030825705721	0.01012791052125589	
0.1339794282595074	0.01088235983773771	0.007560680494303869	0.006649823708036747	0.006344396244560216	0.006670640173540602	0.007236351281772871	0.006791901302497528	0.005542587204478322	0.00635036496350365	0.009394420576642512	0.01301457427767834	0.01549197931375799	0.01713466294025548	0.01701240663441749	0.01587846536777959	0.01385803448640643	0.01057986308412479	0.007820566332022582	0.006574724879072025	0.007533142537583473	0.01080217052959239	0.01472873398051764	0.01802186126627924	0.02009258421544679	0.02349337472972224	0.02586707024845504	0.026378076254028	0.02463133258771385	0.02217031759015409	0.01960827176146548	0.01712894424528648	0.01459131494157062	0.01088235983773771	
0.1401910993244945	0.01159049874551551	0.007881356492531886	0.006695250774880928	0.006738758933698638	0.006954792118595319	0.007337926396570263	0.00624382065941624	0.004594852732388549	0.005558970418747599	0.008753617113885687	0.01180431262251769	0.01531944261565634	0.01761265809201894	0.01838624268998152	0.01691414184762395	0.0164591383998855	0.01445598939307844	0.01238256335903576	0.01138053568353658	0.01176847922629034	0.01475623606612544	0.01755250714297649	0.0198329013667316	0.02147983956090353	0.02417253423518323	0.02494639929373187	0.02443322782102832	0.02240482995733399	0.02039253140676788	0.01767149040353255	0.01514688069690333	0.01246333135629899	0.01159049874551551	
0.1464027703894816	0.01219018922784721	0.00855576787024854	0.007299780202884269	0.007437541944277244	0.007540422346817845	0.007464019642525648	0.005917838054707762	0.004226084455310817	0.005328467153284671	0.008298203332178006	0.01139947157589704	0.01518322943294452	0.01812479575462265	0.01977586996457503	0.01969501902554859	0.01988164354920007	0.01971209784343967	0.01760359687470252	0.01600632425916939	0.01513207671304977	0.01755773356328608	0.01953249010008521	0.02036413979619762	0.02184173225971833	0.02397155846315906	0.02410139992432841	0.0231214532181253	0.02057702663518495	0.01876131802041617	0.01638613212084117	0.01389891475903246	0.0110486831348284	0.01219018922784721	
0.1526144414544687	0.01277815555607663	0.009907896563807911	0.008687052936510432	0.008703653735721649	0.008968112607336664	0.008416724167521882	0.006623536660505237	0.005107440637526597	0.006338839800230503	0.009043792266832175	0.01250319611352595	0.01615488346962219	0.01916370358447589	0.02251301459635012	0.02429548250507825	0.0257247932495753	0.02529967259247233	0.02290517929453805	0.02139916407069395	0.02175236027500905	0.02103226349219703	0.02101121154906515	0.02149100919203464	0.0234400916794837	0.0245814159782669	0.02473199646865935	0.02224883793880286	0.02098090385650967	0.01904500730499908	0.01578280068202684	0.01305062418688494	0.01017905519131815	0.01277815555607663	
0.1588261125194558	0.01329988041362816	0.01111786991794662	0.01037484318925964	0.01034337228529719	0.01066262847479711	0.009712682528729996	0.007547751078250154	0.006228496199842904	0.007575873991548214	0.01028912729822751	0.01404159209068439	0.01765322847945224	0.02263160718553528	0.02759778712384	0.03192286785111435	0.0327751538571633	0.03311957139378197	0.03240994998645314	0.03112036442760758	0.03136616336063686	0.02793084591763766	0.0262410399505422	0.02660216680886685	0.02801652643324588	0.02840688584576149	0.02686341278849792	0.02419368637180255	0.02216664595501429	0.01931924028009589	0.01607572246753814	0.01261832226069438	0.009878492538031195	0.01329988041362816	
0.165037783584443	0.01361350153586419	0.01244355110649749	0.01163981228138224	0.01159218746756886	0.01172300036731837	0.01019253738139354	0.007751937984496124	0.006929155926290597	0.00812908182865924	0.01064378581849544	0.01436972641268218	0.01837969878724863	0.02397779761295074	0.02946641470899415	0.03485251623608846	0.03673281435709796	0.0379698027437292	0.03928589735140558	0.04082591067766628	0.03730385867956183	0.03444243469482185	0.03248174572674564	0.03292873355978042	0.03283422298621792	0.03189277596052559	0.02870475469794426	0.02669176148515699	0.02346112422849095	0.01996226932515047	0.01635990031915359	0.0129568228255417	0.01042752031803536	0.01361350153586419	
0.1712494546494301	0.01363284639013295	0.01292291213477649	0.01256931995680934	0.01214567896109647	0.01186507633984573	0.009894817217332217	0.00707847941652696	0.006103114985636476	0.006899731079523626	0.00887452342761339	0.0120429557657888	0.01674514059470675	0.02204630699970247	0.02742408371451582	0.03243784510628558	0.03597986322424876	0.03926184484671375	0.04139481411509706	0.03996493480064495	0.03844698838777592	0.03631851259832583	0.03588196962355261	0.03626909641172588	0.03557857595223016	0.03302932860231746	0.03062807415815361	0.02729631847606011	0.02418603206163788	0.01955564801724831	0.01601451493026713	0.01262240058075278	0.0102792427424138	0.01363284639013295	
0.1774611257144172	0.01334443219921683	0.01323036438050025	0.01263571336219699	0.01239129081134934	0.01153587591569697	0.00891759456117799	0.005609766582126123	0.00484192747803063	0.00517479830964272	0.006271007472010188	0.009264467740560811	0.01369396530196192	0.01829063080727528	0.02220245395543718	0.02614367865419277	0.03074654171411503	0.03513542765917147	0.03697926964111802	0.03526087569073746	0.03440902661271752	0.03431624111386868	0.03465387892863707	0.03448220351261289	0.03345245634669321	0.0319412873537728	0.02868583680161433	0.02600735734451193	0.02234787291330102	0.01834996855777096	0.01467232107725266	0.01212892385368619	0.00973021496240963	0.01334443219921683	
0.1836727967794043	0.0128186038877295	0.01264190739406121	0.011964790528806	0.01200384676588002	0.01065223267192925	0.008126009183791414	0.004982876957686741	0.004333027255663359	0.004429504417979254	0.005581841483762282	0.008365294468592858	0.0121002710642336	0.01607624510420782	0.01987061727875186	0.0235172946528195	0.02901039819291728	0.0329639851719566	0.03414541273990759	0.03309278189132919	0.03224612651731965	0.03253270516973036	0.03220605189727481	0.03115793879489367	0.02978829277119334	0.02792177191328935	0.0255013242527431	0.02332677446031882	0.0196760697568452	0.01546579416451142	0.01308966904210204	0.01074229503382967	0.008467851818604427	0.0128186038877295	
0.1898844678443914	0.01215267193471991	0.01152450030745225	0.01131133964420123	0.01161986204224524	0.01023293528959241	0.00752706626550334	0.005276619524566909	0.005026311616569496	0.005570495582020745	0.0072019860877135	0.009366743373391289	0.01247258709697925	0.01621281514756881	0.02056016717637213	0.02519955368637885	0.03077765539729062	0.03328192223394756	0.03571245505737278	0.03650537718570467	0.03589756241981644	0.03543515753165356	0.03279085699009173	0.03035303208358151	0.02728520160439097	0.02422104562843045	0.02226005801488208	0.01949411127270653	0.01590654902448117	0.01330975560168133	0.01101298474183535	0.008870346127023357	0.007389833768815222	0.01215267193471991	
0.1960961389093785	0.01159342978404108	0.01026824381954867	0.01020012370139741	0.01048866380234819	0.009176028664693775	0.006700454986462489	0.005312441788820588	0.00564215463928931	0.007272378025355359	0.00888258384852857	0.01136111821358561	0.0142024945174194	0.01775410563692854	0.02306570726238163	0.0291076588561783	0.03306139974237871	0.03644099899883649	0.03839985940554909	0.04048934738028521	0.03981216487384454	0.03765616455642956	0.03444501996691674	0.03020814887554532	0.0264181670134805	0.0225855186560958	0.01940976163450624	0.01600365015541677	0.01285158029907626	0.01051541614853971	0.008783281598391117	0.007279801304246754	0.005798855457416283	0.01159342978404108	
0.2023078099743656	0.0111696016132436	0.008876443868476558	0.008770918290684306	0.009011533378996382	0.007616658234515451	0.005068247969373351	0.004567338692344066	0.00584866487445284	0.007756434882827507	0.009853864568807782	0.01196198755646467	0.01464291714152096	0.01887105349155948	0.02486064249206491	0.03032643836008354	0.0335965550929988	0.03697540384771491	0.03903692801124756	0.04095897058593322	0.03977926905490312	0.03568754469355992	0.032197697538806	0.02734268098327404	0.0235305648541874	0.02044408715418307	0.01722159162567789	0.01388199731941712	0.01098753158526987	0.009092241570882132	0.007235605298823941	0.005403774077382044	0.00451645480339195	0.0111696016132436	
0.2085194810393529	0.01104004971041339	0.007825155544388831	0.00763174722982252	0.007340680932909912	0.005391956420794378	0.003036745673425498	0.003116536990070069	0.004539537490826889	0.006146753745678064	0.008213568912568614	0.01006988834910083	0.01307192510091127	0.01713954044180409	0.02241826728217329	0.02645266500729551	0.03075898718738527	0.03305192521037963	0.03608590906760982	0.03606706219376653	0.03465574525477812	0.03110251125226097	0.02622433123360457	0.02458990003058645	0.02120842003679243	0.01776903032655098	0.01552528692142767	0.01229075769241737	0.009941593140300733	0.008000037825237944	0.006107637826258033	0.004429055583424076	0.002945514002212141	0.01104004971041339	
0.21473115210434	0.01093511853119797	0.007097849156655184	0.006953835616917039	0.006060731854127317	0.003995453568879125	0.001775813213871658	0.002242473742280302	0.003396355831885918	0.004871302343449866	0.006017104213182013	0.007789994033921418	0.01024777177935281	0.01359359681596699	0.01643865900968002	0.0190312705633279	0.02246407925277379	0.02593554671645426	0.02764291938519218	0.0277782126140793	0.02740221717819665	0.02527236781222395	0.02334207756186402	0.0210644086350392	0.01882595976959498	0.01706908022398403	0.01407491486946652	0.01122993127441754	0.008906010521519406	0.007011853483940822	0.005040877890963144	0.003181089645553204	0.002256223650674062	0.01093511853119797	
0.2209428231693271	0.01087649776068657	0.006757337529670795	0.006824543195898984	0.005268547154015927	0.002980130155451905	0.001253927279222985	0.002063362421011907	0.00307552743082829	0.004214368036880523	0.005194941279833633	0.006477456745930282	0.008576890071421112	0.01055003584963638	0.01131177656477821	0.01287443137928075	0.01523325928276738	0.01858240658062072	0.01958802896831499	0.02041295533883314	0.02007467350899701	0.02145290876204097	0.02045982389012348	0.0190521418567588	0.01718236376247776	0.01561373842656761	0.01276958002270148	0.0096386916474178	0.00794809659914668	0.005858183726637005	0.00380798321164692	0.002247154352179251	0.001562925797092157	0.01087649776068657	
0.2271544942343142	0.01082080802870073	0.006813538477813849	0.00654149762556216	0.004884562430381148	0.002391034659606761	0.001597181115434864	0.002378598346444282	0.003466421804530687	0.004402612370341914	0.005251364226239895	0.006664962072786159	0.008091063053082277	0.008560015217804832	0.008706225424915386	0.009561411037679169	0.01153073098487253	0.01348864897042509	0.0155679063875281	0.0166168344265118	0.01769795059047995	0.01893745004837421	0.01970793162793029	0.01782868365556432	0.01698633855061974	0.01467816155679991	0.01141379745238996	0.00913679527761143	0.006819311544675034	0.004718698433562334	0.002749967210247891	0.001627249703302216	0.0008696279435102511	0.01082080802870073	
0.2333661652993014	0.01071177339554951	0.006826762230318097	0.006279418393768804	0.004504037028580917	0.002259354489947258	0.002006984164789862	0.00297683015948072	0.003942132881960962	0.004867460622358817	0.005872016636708769	0.007027188272394102	0.007614316913590898	0.006965072211410427	0.007206059617115576	0.007392784596458101	0.008270016988071014	0.01006575209026707	0.01177478526394411	0.01430002661198165	0.01588868054870226	0.01660707525343878	0.01664188206987586	0.01615447769603503	0.01430984046563527	0.01201003492820314	0.009225627443561609	0.007340234408418171	0.005240048051033511	0.003167863677842448	0.001823110217286757	0.000901308732906741	0.0005329977718288636	0.01071177339554951	
0.2395778363642884	0.01055056627664314	0.006882963178461152	0.006090721346877588	0.004248047212824398	0.002349451448135339	0.002458818296129988	0.00360730201034547	0.004561663587451553	0.005263157894736842	0.006597454519074986	0.00714224835932839	0.006556394527862407	0.006096876935758427	0.005790113644139615	0.005819242983434898	0.005681358547862178	0.006656384446789512	0.008325827639990334	0.01076219846276671	0.01242639560511859	0.01304841627055904	0.013057862286755	0.01294289991789952	0.01149763261859525	0.009120141930476243	0.007087905158279732	0.005304132089999145	0.003655606644298082	0.00213712594385789	0.00104927206750317	0.0005424165677674052	0.0002164051103666063	0.01055056627664314	
0.2457895074292755	0.01036532464182709	0.007101155094781246	0.005786709437997296	0.004133889592284328	0.002470735814926987	0.003159336329215455	0.004241356087635587	0.005118503685838929	0.005866308106031502	0.006863448409275932	0.006703315435097588	0.005929813887388021	0.004979929081127483	0.004458387505987504	0.004154149858381255	0.00403233333955607	0.003707010850447818	0.005301582419835534	0.00710696451213976	0.009038126254153097	0.01001977032768266	0.009657638389948035	0.009409359455239137	0.008150125154558339	0.00645201530187947	0.004918653045781309	0.00353608805999943	0.002102232716126092	0.001063834817185897	0.0004896602981681458	0.0001712894424528648	8.015004087652085e-05	0.01036532464182709	
0.2520011784942626	0.01016718643749853	0.007279675753588596	0.005608495560377813	0.004030109937247902	0.002896963732509062	0.00384934659180464	0.004760778919313932	0.005468833549062775	0.006469458317326162	0.00677881398966654	0.006064092729907099	0.005157939185354359	0.00407271379308663	0.003121397628158902	0.002569164306354247	0.002389530867885078	0.00229320561733907	0.002724017486434832	0.004320533491961616	0.005764992269482549	0.007260337357506415	0.008020184130060653	0.006881952381718959	0.005631955125305347	0.004178910018295725	0.003026863412788498	0.001859297915419055	0.0008906010521519407	0.0004302620816174072	0.0001486468762296157	6.117480087602315e-05	1.202250613147813e-05	0.01016718643749853	
0.2582128495592498	0.009960255117593266	0.007078013527898812	0.005870574792171169	0.003694555719296789	0.003524177172203009	0.00451834131340126	0.005158406052529769	0.006040424378533261	0.006623127160968113	0.006186373052400797	0.005539930111650899	0.004236229982337691	0.003067948474073641	0.002131814568978677	0.001464824192487054	0.001070310701240191	0.00150174527153178	0.001896560561791993	0.002614235844773877	0.003857034770880621	0.004492491481933285	0.004720212534879447	0.004298201838406929	0.00327211315178383	0.002196873094195265	0.00140623029385799	0.0007927681295805173	0.0003986993082308106	0.0001560291065205982	4.809163642722861e-05	1.631328023360617e-05	8.015004087652085e-06	0.009960255117593266	
0.2644245206242369	0.009695289234881704	0.007144132290420053	0.005720316032609645	0.00403356925908245	0.004168716950010049	0.004924641772590831	0.005606184355700755	0.006379691193444775	0.006308106031502113	0.005779321796184197	0.004525696752748658	0.003441653083185391	0.002243650712359101	0.001373836055564036	0.0005493090721826453	0.0004667052476338044	0.0006832264523635576	0.001069103637149155	0.001635854166340539	0.001965525181749399	0.00233878770033231	0.002523016257581581	0.002124953717864099	0.00161343828221599	0.00112269224372124	0.0006558204061041746	0.0002908717597741466	7.249078331469285e-05	2.364077371524215e-05	8.743933895859748e-06	0	0	0.009695289234881704	
0.270636191689224	0.009436771636926395	0.007180497609806735	0.005545596544747408	0.004431391270055418	0.004785534586836141	0.005246880067810145	0.006086202696700053	0.006350189731278557	0.005877833269304649	0.0050458234929028	0.003737322083013722	0.002574429153253452	0.00151202548006809	0.0007211323356792066	0.0001773810545589792	0.0001306774693374652	0.0002908785886300295	0.0005272291909228708	0.0007748782893192029	0.000962202704036317	0.001177806755563034	0.001019231733195208	0.0009095445837827396	0.0007087065351789861	0.0005059045295780894	0.0002080968596292092	6.273704622579634e-05	1.035582618781326e-05	4.728154743048431e-06	0	0	0	0.009436771636926395	
0.2768478627542111	0.009125495345510822	0.007190415424184921	0.005832136504841477	0.004804998028186554	0.005152852954833702	0.005625159805676298	0.006157847225207411	0.006169493275510468	0.005439877064925086	0.004082603193538766	0.002897809596863547	0.001775311814677424	0.0009755003097213483	0.0002842419425304902	2.860984750951277e-05	1.244547327023478e-05	0.0001149985117839652	0.0002416467125063158	0.0003209091905261346	0.0004029737820323037	0.0003701678374626678	0.0003508830556901536	0.0003380608187511067	0.0002864983865617178	0.0001247435826356933	4.414175810316559e-05	2.281347135483503e-05	5.177913093906632e-06	0	0	0	0	0.009125495345510822	
0.2830595338191983	0.008800736276877623	0.007246616372327976	0.006020833551732693	0.005185523429986786	0.005391956420794378	0.006083999117347278	0.006082620470274685	0.005701157563621747	0.004598540145985402	0.003272530891563158	0.002126480865933691	0.001175973810745404	0.0004779951517634607	9.474731417683007e-05	0	0	1.352923668046649e-05	5.858102121365231e-05	7.044348084720026e-05	8.223954735353137e-05	4.206452698439406e-05	7.518922621931862e-05	0.0001126869395837022	6.785488102777526e-05	3.465099517658147e-05	3.152982721654685e-05	5.703367838708757e-06	0	0	0	0	0	0.008800736276877623	
0.2892712048841853	0.008432597838065983	0.007719365524354847	0.005961428925859533	0.005531455613441541	0.005786996929772886	0.006017449904204159	0.005871269111177979	0.005033686982111051	0.003780253553592009	0.0025229117464514	0.001414812920821614	0.0007219298683726611	0.0001755900557498427	1.052747935298112e-05	0	0	0	7.322627651706539e-06	1.565410685493339e-05	1.644790947070627e-05	8.412905396878813e-06	0	0	0	1.386039807063259e-05	0	0	0	0	0	0	0	0.008432597838065983	
0.2954828759491724	0.00805390766056229	0.007947475255053127	0.006052283059547896	0.005652531877650705	0.006039961466224037	0.005824807445105656	0.005588273223573916	0.004292462745184808	0.002923549750288129	0.001741050917678921	0.0009204806954743033	0.00031783075966092	4.877501548606742e-05	0	0	0	0	0	0	0	0	0	0	0	0	0	0	0	0	0	0	0	0.00805390766056229	
0.3016945470141595	0.007610148427790935	0.007749118967489405	0.006160609142022483	0.005960411520925438	0.005818184338376452	0.00567419606799228	0.004871827938500337	0.003411106562969027	0.002251248559354591	0.001068005771261375	0.0005667774652688997	0.0001135109855931857	9.755003097213484e-06	0	0	0	0	0	0	0	0	0	0	0	0	0	0	0	0	0	0	0	0.007610148427790935	
0.3079062180791467	0.007066147677445072	0.007620187380572985	0.006094215736634833	0.006001923382940009	0.00571076104207528	0.005243377477644719	0.004012093596412042	0.002633005498335011	0.00145985401459854	0.0007657399869421181	0.0002258586891673059	1.816175769490971e-05	0	0	0	0	0	0	0	0	0	0	0	0	0	0	0	0	0	0	0	0	0.007066147677445072	
0.3141178891441338	0.006479939972330997	0.007094543218529122	0.006310867901584007	0.005700962383334371	0.005596407210528869	0.004511336133070406	0.003224003782831105	0.001825402971534777	0.0009412216673069535	0.0004151116771317798	8.949117872666837e-05	4.540439423727429e-06	0	0	0	0	0	0	0	0	0	0	0	0	0	0	0	0	0	0	0	0	0.006479939972330997	
0.3203295602091209	0.005839214950641311	0.006873045364082966	0.006083732567363099	0.005572967475456112	0.005104339208117043	0.003702237804856691	0.002339193855765235	0.001275938238688955	0.0005993084902036112	0.0001853896810491444	1.278445410380977e-05	0	0	0	0	0	0	0	0	0	0	0	0	0	0	0	0	0	0	0	0	0	0.005839214950641311	
0.3265412312741081	0.005213145121579478	0.006770561282175042	0.005685372135037198	0.005316977659699592	0.004255348640575512	0.002945678329124388	0.001629913023542392	0.0007965394784879026	0.0003342297349212447	5.239273594867124e-05	0	0	0	0	0	0	0	0	0	0	0	0	0	0	0	0	0	0	0	0	0	0	0.005213145121579478	
0.3327529023390952	0.004582385630876732	0.00621185773887056	0.005629461898921282	0.004701218373150128	0.003454871819750639	0.002066528197602127	0.001096161286162576	0.0005199632706796031	0.0001306185170956588	8.060420915180192e-06	0	0	0	0	0	0	0	0	0	0	0	0	0	0	0	0	0	0	0	0	0	0	0.004582385630876732	
0.3389645734040823	0.00393638473984102	0.005696131391204882	0.005105303435334571	0.003884818420196905	0.002689047675151952	0.001401036066170933	0.0007271919643496827	0.0002618254767251902	3.457548981943911e-05	0	0	0	0	0	0	0	0	0	0	0	0	0	0	0	0	0	0	0	0	0	0	0	0.00393638473984102	
0.3451762444690693	0.00328041831781837	0.005352313826094431	0.004340032078497972	0.003130686260265538	0.001829661304742565	0.0009597097053270894	0.0003976271332158363	8.850438649865584e-05	7.683442182097579e-06	0	0	0	0	0	0	0	0	0	0	0	0	0	0	0	0	0	0	0	0	0	0	0	0.00328041831781837	
0.3513879155340565	0.00268072783548667	0.004522523356452861	0.003522344875302702	0.002390391387672361	0.001181656259312907	0.000588435147791792	0.0002113513590967058	3.318914493699594e-05	0	0	0	0	0	0	0	0	0	0	0	0	0	0	0	0	0	0	0	0	0	0	0	0	0.00268072783548667	
0.3575995865990436	0.002078106314629399	0.003729098206197973	0.002767556687737837	0.001529020250870019	0.0008316642294284388	0.0003082279345576054	6.806230208199e-05	7.375365541554653e-06	0	0	0	0	0	0	0	0	0	0	0	0	0	0	0	0	0	0	0	0	0	0	0	0	0.002078106314629399	
0.3638112576640307	0.00154172626445002	0.003018321509094636	0.001970835823086035	0.001017040619356981	0.0004643458614308783	0.0001856372787676487	1.074667927610368e-05	0	0	0	0	0	0	0	0	0	0	0	0	0	0	0	0	0	0	0	0	0	0	0	0	0	0.00154172626445002	
0.3700229287290178	0.001114380847421858	0.002241426049470058	0.00128942982042331	0.0006780270795713209	0.0002425687335832946	5.604144264683734e-05	3.582226425367895e-06	0	0	0	0	0	0	0	0	0	0	0	0	0	0	0	0	0	0	0	0	0	0	0	0	0	0.001114380847421858	
0.376234599794005	0.0007526906933664736	0.001540567166744907	0.0008491367110104727	0.0003459321834547555	0.0001074232963011733	1.0507770496282e-05	0	0	0	0	0	0	0	0	0	0	0	0	0	0	0	0	0	0	0	0	0	0	0	0	0	0	0.0007526906933664736	
0.3824462708589921	0.0004742420334372875	0.0009851695615664857	0.0004857201762570194	0.0001833440572310204	3.811794384880344e-05	0	0	0	0	0	0	0	0	0	0	0	0	0	0	0	0	0	0	0	0	0	0	0	0	0	0	0	0.0004742420334372875	
0.3886579419239792	0.0002802072830445283	0.00060168073894329	0.000244607283007132	6.918643669095111e-05	1.039580286785548e-05	0	0	0	0	0	0	0	0	0	0	0	0	0	0	0	0	0	0	0	0	0	0	0	0	0	0	0	0.0002802072830445283	
0.3948696129889662	0.0001535864187398879	0.0002810047407152728	0.0001292924210180555	1.037796550364267e-05	0	0	0	0	0	0	0	0	0	0	0	0	0	0	0	0	0	0	0	0	0	0	0	0	0	0	0	0	0.0001535864187398879	
0.4010812840539534	7.034492461368912e-05	0.0001322375250424813	1.048316927173423e-05	0	0	0	0	0	0	0	0	0	0	0	0	0	0	0	0	0	0	0	0	0	0	0	0	0	0	0	0	0	7.034492461368912e-05	
