
#
#Feature symbol names
#
$0 r5
$1 r68
$2 r133.980
$3 r24

#
#Layer features
#
L 0.4700000000 0.2452800000 0.4700000000 0.2452800000 0 P 16
A 0.4700000000 0.2452800000 0.5700000000 0.2452800000 0.52 0.2452800000 0 P 16 N
L 0.5700000000 1.47028 0.5700000000 1.47028 0 P 16
A 0.5700000000 1.47028 0.4700000000 1.47028 0.52 1.47028 0 P 16 N
L 0.6200000000 1.6852800000 0.8200000000 1.6852800000 0 P 16
L 0.8200000000 1.6852800000 0.8650000000 1.73028 0 P 16
L 0.8650000000 1.73028 3.3200000000 1.73028 0 P 16
L 0.5750000000 1.73028 0.6200000000 1.6852800000 0 P 16
L 0 0 3.3155 0 0 P 16
L 0 0 0 1.7300000000 0 P 16
L 0.5700000000 0.2452800000 0.5700000000 1.47028 0 P 16
L 0.4700000000 0.2452800000 0.4700000000 1.47028 0 P 16
L 3.3200000000 0.0002800000 3.3200000000 1.73028 0 P 16
L 3.3155 0 3.3200000000 0.0002800000 0 P 16
L 0 1.7300000000 0.5750000000 1.73028 0 P 16
P 2.62 0.652 1 P 45 0
P 2.7950000000 0.1720000000 1 P 45 0
P 2.7950000000 0.6452800000 1 P 45 0
P 2.095 0.1452800000 1 P 45 0
P 2.7959400000 0.27028 1 P 45 0
P 3.2460000000 1.6202800000 1 P 45 0
P 3.1460000000 1.4202800000 1 P 45 0
P 3.2460000000 1.4202800000 1 P 45 0
P 3.2460000000 1.52028 1 P 45 0
P 3.2460000000 0.32028 1 P 45 0
P 3.1460000000 0.32028 1 P 45 0
P 3.2460000000 0.4202800000 1 P 45 0
P 3.1460000000 0.4202800000 1 P 45 0
P 3.2460000000 0.5202800000 1 P 45 0
P 3.1460000000 0.5202800000 1 P 45 0
P 3.2460000000 0.62028 1 P 45 0
P 3.1460000000 0.62028 1 P 45 0
P 3.2460000000 1.3202800000 1 P 45 0
P 3.1460000000 1.3202800000 1 P 45 0
P 3.1460000000 1.52028 1 P 45 0
P 3.1460000000 1.6202800000 1 P 45 0
P 2.9450000000 1.4202800000 1 P 45 0
P 2.9450000000 1.3202800000 1 P 45 0
P 2.9450000000 1.22028 1 P 45 0
P 2.9450000000 1.1202800000 1 P 45 0
P 2.9450000000 1.02028 1 P 45 0
P 2.9450000000 0.9202800000 1 P 45 0
P 2.9450000000 0.82028 1 P 45 0
P 2.9450000000 0.72028 1 P 45 0
P 2.9450000000 0.62028 1 P 45 0
P 3.0450000000 1.4202800000 1 P 45 0
P 3.0450000000 1.3202800000 1 P 45 0
P 3.0450000000 1.22028 1 P 45 0
P 3.0450000000 1.1202800000 1 P 45 0
P 3.0450000000 1.02028 1 P 45 0
P 3.0450000000 0.9202800000 1 P 45 0
P 3.0450000000 0.82028 1 P 45 0
P 3.0450000000 0.72028 1 P 45 0
P 3.0450000000 0.62028 1 P 45 0
P 2.9450000000 1.52028 1 P 45 0
P 3.0450000000 1.6202800000 1 P 45 0
P 3.0450000000 1.52028 1 P 45 0
P 2.9450000000 1.6202800000 1 P 45 0
P 3.0450000000 0.4202800000 1 P 45 0
P 2.9450000000 0.32028 1 P 45 0
P 3.0450000000 0.32028 1 P 45 0
P 3.0450000000 0.5202800000 1 P 45 0
P 2.9450000000 0.4202800000 1 P 45 0
P 3.0450000000 0.22028 1 P 45 0
P 2.9450000000 0.22028 1 P 45 0
P 2.9450000000 0.5202800000 1 P 45 0
P 0.0970600000 1.57528 2 P 46 0
P 0.0970600000 0.1575700000 2 P 46 0
P 3.22698 0.1575700000 2 P 46 0
P 1.87 1.572 3 P 47 0
P 1.77994 1.57528 3 P 47 0
P 2 1.4600000000 3 P 47 0
P 2.2100000000 1.4600000000 3 P 47 0
P 2.83094 0.45528 3 P 47 0
P 1.4359400000 0.4702800000 3 P 47 0
P 0.9259400000 1.64528 3 P 47 0
