3.83853515625e-07 2.666666666666667
7.3897265625e-07 2.666666666666667
1.122609375e-06 2.666666666666667
1.122984375e-06 4
1.4784609375e-06 4
1.86209765625e-06 4
1.86247265625e-06 5.333333333333333
2.217591796875e-06 5.333333333333333
2.601216796875e-06 5.333333333333333
2.601591796875e-06 6.666666666666666
2.9570859375e-06 6.666666666666666
3.340716796875e-06 6.666666666666666
3.341091796875e-06 8
3.69657421875e-06 8
4.08019921875e-06 8
4.08057421875e-06 9.333333333333332
4.43569921875e-06 9.333333333333332
4.819693359375e-06 9.333333333333332
5.175193359375e-06 9.333333333333332
5.558818359375e-06 9.333333333333332
5.559193359375e-06 10.66666666666667
5.9143125e-06 10.66666666666667
6.297943359375e-06 10.66666666666667
6.298318359375e-06 12
6.653806640625e-06 12
7.037431640625e-06 12
7.037806640625e-06 13.33333333333333
7.3929375e-06 13.33333333333333
7.776556640625e-06 13.33333333333333
7.776931640625001e-06 14.66666666666667
8.132425781250001e-06 14.66666666666667
8.51605078125e-06 14.66666666666667
8.516425781250001e-06 16
8.871544921875e-06 16
9.255169921874999e-06 16
9.255544921875e-06 17.33333333333333
9.611044921875e-06 17.33333333333333
9.994664062499999e-06 17.33333333333333
9.9950390625e-06 18.66666666666666
1.03501640625e-05 18.66666666666666
1.0733783203125e-05 18.66666666666666
1.0734158203125e-05 20
1.1089658203125e-05 20
1.18291640625e-05 20
1.25682890625e-05 20
1.330780078125e-05 20
1.4046908203125e-05 20
1.4786419921875e-05 20
1.55255390625e-05 20
1.62650390625e-05 20
1.70041640625e-05 20
1.77436640625e-05 20
1.812765234375e-05 20
1.84827890625e-05 20
1.92222890625e-05 20
1.99614140625e-05 20
2.07009140625e-05 20
2.14400390625e-05 20
2.21795390625e-05 20
2.2563533203125e-05 20
2.2918669921875e-05 20
2.3658158203125e-05 20
2.43976640625e-05 20
2.5136783203125e-05 20
2.55207890625e-05 20
2.5876294921875e-05 20
2.6615419921875e-05 20
2.73549140625e-05 20
2.7738908203125e-05 20
2.80940390625e-05 20
2.8833533203125e-05 20
2.95726640625e-05 20
3.0312169921875e-05 20
3.1051294921875e-05 20
3.17907890625e-05 20
3.252990234375e-05 20
3.326940234375e-05 20
3.40085390625e-05 20
3.47480390625e-05 20
3.54875390625e-05 20
3.6226669921875e-05 20
3.69661640625e-05 20
3.77052890625e-05 20
3.84447890625e-05 20
3.91839140625e-05 20
3.99234140625e-05 20
4.03074140625e-05 20
4.06625390625e-05 20
4.14020390625e-05 20
4.1786044921875e-05 20
4.2141169921875e-05 20
4.2880669921875e-05 20
4.3619783203125e-05 20
4.4359294921875e-05 20
4.5098408203125e-05 20
4.5482408203125e-05 20
4.5837919921875e-05 20
4.65774140625e-05 20
4.73165390625e-05 20
4.8056044921875e-05 20
4.87951640625e-05 20
4.95346640625e-05 20
4.99186640625e-05 20
5.02737890625e-05 20
5.10132890625e-05 20
5.17524140625e-05 20
5.2491908203125e-05 20
5.32310390625e-05 20
5.397052734375e-05 20
