1.023453125e-07 2.666666666666667
1.983453125e-07 2.666666666666667
3.006453125e-07 2.666666666666667
3.007453125e-07 4
3.968421875e-07 4
4.9924375e-07 4
5.9524375e-07 4
6.975421875e-07 4
6.976421875e-07 5.333333333333333
7.93640625e-07 5.333333333333333
8.960390625000001e-07 5.333333333333333
9.921390625e-07 5.333333333333333
1.0944421875e-06 5.333333333333333
1.0945421875e-06 6.666666666666666
1.1905375e-06 6.666666666666666
1.2929375e-06 6.666666666666666
1.3889390625e-06 6.666666666666666
1.4913359375e-06 6.666666666666666
1.4914359375e-06 8
1.5874359375e-06 8
1.68983125e-06 8
1.7858359375e-06 8
1.8881359375e-06 8
1.8882359375e-06 9.333333333333332
1.9843359375e-06 9.333333333333332
2.08673125e-06 9.333333333333332
2.1827328125e-06 9.333333333333332
2.285034375e-06 9.333333333333332
2.285134375e-06 10.66666666666667
2.381125e-06 10.66666666666667
2.483528125e-06 10.66666666666667
2.579625e-06 10.66666666666667
2.681934375e-06 10.66666666666667
2.682034375e-06 12
2.778025e-06 12
2.880325e-06 12
2.880425e-06 13.33333333333333
2.976425e-06 13.33333333333333
3.0788234375e-06 13.33333333333333
3.17493125e-06 13.33333333333333
3.277225e-06 13.33333333333333
3.277325e-06 14.66666666666667
3.3733296875e-06 14.66666666666667
3.475625e-06 14.66666666666667
3.475725e-06 16
3.5717171875e-06 16
3.6741203125e-06 16
3.770215625e-06 16
3.8725296875e-06 16
3.8726296875e-06 17.33333333333333
3.968625e-06 17.33333333333333
4.0710203125e-06 17.33333333333333
4.1670203125e-06 17.33333333333333
4.2694140625e-06 17.33333333333333
4.2695140625e-06 18.66666666666666
4.365525e-06 18.66666666666666
4.4679296875e-06 18.66666666666666
4.56391875e-06 18.66666666666666
4.6662140625e-06 18.66666666666666
4.6663140625e-06 20
4.7624125e-06 20
4.8648125e-06 20
4.960825e-06 20
5.1592109375e-06 20
5.261612500000001e-06 20
5.3577140625e-06 20
5.556125e-06 20
5.754521875e-06 20
5.9530234375e-06 20
6.0554171875e-06 20
6.151421875e-06 20
6.3498203125e-06 20
6.4522203125e-06 20
6.548328125e-06 20
6.746718750000001e-06 20
6.945125e-06 20
7.0475203125e-06 20
7.143612500000001e-06 20
7.3420171875e-06 20
7.540421875000001e-06 20
7.642825000000001e-06 20
7.738912500000001e-06 20
7.9373125e-06 20
8.039725e-06 20
8.1357140625e-06 20
8.334228125e-06 20
8.4366296875e-06 20
8.532626562500001e-06 20
8.731017187500001e-06 20
8.929517187500001e-06 20
9.031920312500001e-06 20
9.1279125e-06 20
9.3263171875e-06 20
9.5248171875e-06 20
9.7232140625e-06 20
9.825615625e-06 20
9.921625e-06 20
1.01201265625e-05 20
1.02225234375e-05 20
1.03185140625e-05 20
1.051701875e-05 20
1.0715421875e-05 20
1.0817825e-05 20
1.0913821875e-05 20
1.1112228125e-05 20
1.1310715625e-05 20
1.14131265625e-05 20
1.15091109375e-05 20
1.1707528125e-05 20
1.1906028125e-05 20
1.200841875e-05 20
1.21044234375e-05 20
1.2302921875e-05 20
1.25013171875e-05 20
1.26037203125e-05 20
1.26997125e-05 20
1.28982265625e-05 20
1.30966109375e-05 20
1.31990140625e-05 20
1.32950140625e-05 20
1.3493525e-05 20
1.36919203125e-05 20
1.37943265625e-05 20
1.3890309375e-05 20
1.40888234375e-05 20
1.4287215625e-05 20
1.44856125e-05 20
1.45880125e-05 20
1.46841109375e-05 20
1.48825203125e-05 20
1.50809203125e-05 20
1.5279421875e-05 20
1.5381821875e-05 20
1.54778265625e-05 20
1.56762171875e-05 20
1.5874725e-05 20
1.59771125e-05 20
1.6073125e-05 20
1.6271525e-05 20
1.64700171875e-05 20
1.65724171875e-05 20
1.6668421875e-05 20
1.68668203125e-05 20
1.7065315625e-05 20
1.716771875e-05 20
1.726371875e-05 20
1.7462128125e-05 20
1.7660628125e-05 20
1.77630265625e-05 20
1.78590265625e-05 20
1.80575203125e-05 20
1.81598265625e-05 20
1.8255921875e-05 20
1.8454325e-05 20
1.86528140625e-05 20
1.87552203125e-05 20
1.8851221875e-05 20
1.90496125e-05 20
1.92481171875e-05 20
1.9446528125e-05 20
1.9548925e-05 20
1.96449234375e-05 20
1.98434265625e-05 20
2.0041815625e-05 20
2.01442265625e-05 20
2.02402296875e-05 20
2.04387234375e-05 20
2.05411140625e-05 20
2.06371171875e-05 20
2.08355203125e-05 20
2.10340265625e-05 20
2.12324296875e-05 20
2.1334815625e-05 20
2.14308234375e-05 20
2.16293109375e-05 20
2.1731709375e-05 20
2.18277125e-05 20
2.2026121875e-05 20
2.2224628125e-05 20
2.2423025e-05 20
2.2621425e-05 20
2.27238203125e-05 20
2.2819915625e-05 20
2.30183265625e-05 20
2.32168171875e-05 20
2.34152125e-05 20
2.3613621875e-05 20
2.37160234375e-05 20
2.38120234375e-05 20
2.40105203125e-05 20
2.41129125e-05 20
2.42089234375e-05 20
2.4407425e-05 20
2.4605828125e-05 20
2.4804215625e-05 20
2.4906615625e-05 20
2.5002715625e-05 20
2.5201125e-05 20
2.53995296875e-05 20
