volt	        -0.5	    -0.46875	     -0.4375	    -0.40625	      -0.375	    -0.34375	     -0.3125	    -0.28125	       -0.25	    -0.21875	     -0.1875	    -0.15625	      -0.125	    -0.09375	     -0.0625	    -0.03125	           0	     0.03125	      0.0625	     0.09375	       0.125	     0.15625	      0.1875	     0.21875	        0.25	     0.28125	      0.3125	     0.34375	       0.375	     0.40625	      0.4375	     0.46875	         0.5	
-0.3987039593934695	0.0003151484250598149	0.000517634949989542	0.0001074439265999457	1.4265055428656e-05	0	0	0	0	0	0	0	0	0	0	0	0	0	0	0	0	0	0	0	0	0	0	0	0	0	0	0	0	0.0003151484250598149	
-0.3925268513479119	0.0005194321363039449	0.001289573116689062	0.0004984693643899122	9.4505992214846e-05	1.449325248513989e-05	0	0	0	0	0	0	0	0	0	0	0	0	0	0	0	0	0	0	0	0	0	0	0	0	0	0	0	0.0005194321363039449	
-0.3863497433023544	0.0007268110552941981	0.001816236583248189	0.001049780004156847	0.000253204733858644	4.529141401606215e-05	0	0	0	0	0	0	0	0	0	0	0	0	0	0	0	0	0	0	0	0	0	0	0	0	0	0	0	0.0007268110552941981	
-0.3801726352567969	0.0009997521019977878	0.002192424773647566	0.001553533496084461	0.00059734919607497	0.0001231926461236891	1.666916704172292e-05	0	0	0	0	0	0	0	0	0	0	0	0	0	0	0	0	0	0	0	0	0	0	0	0	0	0	0.0009997521019977878	
-0.3739955272112394	0.001325593062907846	0.00263030782727244	0.002083707625700587	0.001116240587292332	0.0003333448071582174	5.741601981037896e-05	0	0	0	0	0	0	0	0	0	0	0	0	0	0	0	0	0	0	0	0	0	0	0	0	0	0	0.001325593062907846	
-0.3678184191656818	0.001775242333662832	0.003217161404295467	0.002546949473172484	0.00162265005500962	0.0007264742808176368	0.0001741001891024394	2.841226576454566e-05	0	0	0	0	0	0	0	0	0	0	0	0	0	0	0	0	0	0	0	0	0	0	0	0	0	0.001775242333662832	
-0.3616413111201243	0.002333786640576879	0.004168165149625091	0.003112351119706625	0.002196818536013024	0.001192070016902756	0.0004222855650569808	9.660170359945525e-05	5.820089396573132e-06	0	0	0	0	0	0	0	0	0	0	0	0	0	0	0	0	0	0	0	0	0	0	0	0	0.002333786640576879	
-0.3554642030745667	0.002926940997743031	0.005268139418352868	0.003908493002053764	0.002674697892873	0.001726508702292289	0.0008945786312391303	0.0002538162408299412	4.656071517258505e-05	0	0	0	0	0	0	0	0	0	0	0	0	0	0	0	0	0	0	0	0	0	0	0	0	0.002926940997743031	
-0.3492870950290092	0.003581718127309271	0.005945278161071745	0.004963557133748313	0.003371902476948562	0.002304427145137242	0.00137428021610649	0.0005758219194947921	0.0001164017879314626	2.192104041243441e-05	0	0	0	0	0	0	0	0	0	0	0	0	0	0	0	0	0	0	0	0	0	0	0	0.003581718127309271	
-0.3431099869834517	0.00419738308626541	0.006458398852776494	0.005990439251908451	0.004336576850311424	0.002889592214224765	0.001909545691112926	0.001019053265421704	0.0003705456915818227	6.77559430929791e-05	0	0	0	0	0	0	0	0	0	0	0	0	0	0	0	0	0	0	0	0	0	0	0	0.00419738308626541	
-0.3369328789378941	0.004821489520892793	0.006577274320942698	0.006494192743836065	0.00531373314717436	0.00379723215110665	0.00252260061231407	0.001486908575011223	0.0008070523963248076	0.0002112391167016407	3.278910254177024e-05	0	0	0	0	0	0	0	0	0	0	0	0	0	0	0	0	0	0	0	0	0	0	0.004821489520892793	
-0.3307557708923367	0.005436028949759432	0.006592321848558673	0.006689705462731049	0.006246311145822746	0.004791831602899375	0.003265304610506391	0.002100613515525409	0.001198938415694065	0.0005400547228881569	0.0001106632210784746	1.057867466132373e-05	0	0	0	0	0	0	0	0	0	0	0	0	0	0	0	0	0	0	0	0	0	0.005436028949759432	
-0.3245786628467791	0.006002451967299974	0.006679597508731328	0.006603398046281911	0.00664216643396795	0.005637875216719416	0.004330279171505355	0.002860168086964263	0.001709166252793643	0.001010360680827659	0.0003278910254177024	6.135631303567763e-05	0	0	0	0	0	0	0	0	0	0	0	0	0	0	0	0	0	0	0	0	0	0.006002451967299974	
-0.3184015548012216	0.006464482069039453	0.006518588963240395	0.006421976334154134	0.006754503745468616	0.00647848386085753	0.005210040765374065	0.00386596229502918	0.002345496026818972	0.001416896339385533	0.0007705439097316007	0.0001798374692425034	2.414255520414725e-05	0	0	0	0	0	0	0	0	0	0	0	0	0	0	0	0	0	0	0	0	0.006464482069039453	
-0.312224446755664	0.006846880916946853	0.006196571872258529	0.006071462540819885	0.00642819060253811	0.00680639369833382	0.005982378838307227	0.004941840091979975	0.003249549913086665	0.001976879280830449	0.001227542026407523	0.0005691326967792168	0.0001009597763082521	6.875813637947157e-06	0	0	0	0	3.458221229328483e-06	7.672801071123029e-06	2.088703040733887e-05	1.308689260459699e-05	1.281312063553078e-05	1.965431982295389e-05	1.390656181119061e-05	0	0	0	0	0	0	0	0	0.006846880916946853	
-0.3060473387101065	0.007169626670110789	0.005796307637673592	0.005312309551236662	0.0061518051536079	0.006639721294754711	0.00674730839255518	0.005623734470329071	0.004485348894959026	0.002823828569492687	0.00163330717036193	0.001076909080522756	0.0003182427731455774	5.042263334494582e-05	0	0	0	2.171128335395905e-05	0.0001556199553197817	0.0003682944514139054	0.0003467247047618252	0.0003053608274405964	0.0003117859354645824	0.0003223308450964437	0.0002190283485262521	5.463552037297849e-05	0	0	0	0	0	0	0	0.007169626670110789	
-0.299870230664549	0.007483086800036355	0.005599185025904319	0.004334745956761745	0.005613299311176136	0.006357102871294483	0.006884365988231568	0.006496938104826108	0.005313741619071269	0.003983650889496035	0.002317779685921384	0.001495824597111176	0.0007988990994826909	0.0001902308439832047	2.175557849291856e-05	0	1.403693961027841e-05	0.0002357225049858412	0.001023633483881231	0.001703361837789313	0.002201493004933516	0.002312017693478801	0.002285006513336323	0.001890745566968164	0.001143814708970428	0.0004613666164829294	8.241765545697931e-05	0	0	0	0	0	0	0.007483086800036355	
-0.2936931226189914	0.007786698541678802	0.005746650796540875	0.003566786087949019	0.004677155048670586	0.006045497942863976	0.006552834777068412	0.006858720955561322	0.006146014402781227	0.005123544990942625	0.003383425518528917	0.001944360402751302	0.001365151757907235	0.0006371587304497699	9.910874646774011e-05	5.174483586538064e-06	0.0001600211115571739	0.001079360943882536	0.002538334382327106	0.004277586597151089	0.005614433773492688	0.005876014779464048	0.005462660430947957	0.004233540489864267	0.002530994249636691	0.001229299208392016	0.0004120882772848966	5.185597239376597e-05	0	0	0	0	0	0.007786698541678802	
-0.2875160145734339	0.008021371565339414	0.006012992035343633	0.003323716221214715	0.00350385423966363	0.005255615682423852	0.006273163196701728	0.006722342079891503	0.006879345666749441	0.005781176203315657	0.004776962376554152	0.002917598471593085	0.001812886418056875	0.001191807697244174	0.0003577584018835496	7.761725379807095e-05	0.0007411504114226999	0.002589845942936544	0.004021911289709025	0.005428506757819544	0.007197670678368974	0.008611175333824819	0.007525572853268414	0.005027575010711605	0.003160266171593066	0.002033655480549755	0.001060794984752734	0.0002946362067827612	1.497579270079864e-05	0	0	0	0	0.008021371565339414	
-0.2813389065278764	0.008222841451359795	0.006195067119496931	0.003068316723559106	0.002733541246516206	0.004145070210750008	0.005789757352491763	0.006459055083806713	0.006997687484479762	0.006640082423111951	0.005422497832845254	0.004383802779652554	0.002425229409143883	0.001709785657969526	0.0009524108806899902	0.0005381462929999586	0.001821994761414137	0.004174769627775555	0.005474364206026988	0.006506535308312329	0.007957958585196108	0.01000711054498183	0.008990539645930766	0.005401007087347728	0.003772154891285453	0.002491986790345296	0.00171216032626757	0.0007542686893638686	9.199415516204878e-05	0	0	0	0	0.008222841451359795	
-0.2751617984823188	0.008411367741350935	0.006464417863822885	0.002985532058801771	0.002093396884155268	0.002996479951302672	0.004850727609141371	0.006055600909950165	0.006698922895455674	0.007024697041257391	0.006373381806556591	0.005348577908765278	0.003777212500576129	0.002202552302022406	0.001638920246466532	0.00179037132094217	0.003798395858541337	0.005384398271781845	0.00679194649440114	0.008497627186268755	0.01050199888880998	0.01099298978786147	0.01002840241740876	0.007272098334492938	0.004822100308030344	0.0031324365013841	0.002278449378278428	0.001282256771918577	0.0003037946519304867	1.387903037128389e-05	0	0	0	0.008411367741350935	
-0.2689846904367613	0.00862184186808731	0.006787939707566348	0.003191613032772159	0.001556674173652086	0.002311673771379812	0.003582018784299126	0.005405907099467554	0.006402098336230445	0.006849328717957915	0.006861119706865424	0.00612505262890644	0.005080910481600081	0.003268303415904215	0.002339933331238352	0.003616964026990106	0.005676538378396588	0.006153598024893537	0.007068604192747419	0.008984850054285067	0.01117873867400776	0.01146411792162696	0.009353578063937471	0.00808971803912782	0.006139747039640655	0.004531712884269827	0.002802200285537297	0.00174896052346247	0.0006674924746641679	6.939515185641944e-05	0	0	0	0.00862184186808731	
-0.2628075823912038	0.008832034612301313	0.006923367456110124	0.003860935854214444	0.0011590357535783	0.001621432621775025	0.002709665709115626	0.004301617036752213	0.005641606655078222	0.006596240342287082	0.007094742062475536	0.006791509132569835	0.005888588692066098	0.004803901795045747	0.004109387048662394	0.005971354058864925	0.006962322046698091	0.006107073846277911	0.006857652697758381	0.009030886860711806	0.01066074031990576	0.01041280421572434	0.01028893587033122	0.01062119443232428	0.008416946536223116	0.006301296683016852	0.004120882772848966	0.0023688751025334	0.001131742048388926	0.0001685310830798758	0	0	0	0.008832034612301313	
-0.2566304743456462	0.009059391690380178	0.007075347485031472	0.004641225353948476	0.001171517677078374	0.0009601779771405175	0.002059568194488433	0.003259833958718872	0.004850074497144276	0.006004372251151353	0.006764801718148973	0.006903643083979867	0.006711630346752936	0.005787143145272191	0.006584688423856684	0.008038560251686882	0.00745080754513578	0.007108894492467735	0.00838618648112157	0.01091455952367251	0.0123400575646558	0.01204866579129896	0.01387660964827984	0.01404497694548285	0.01114610929166927	0.007888762080520615	0.005476786136818625	0.003269283350461518	0.001735052554335385	0.0004342153787587388	2.627390925742426e-05	0	0	0.009059391690380178	
-0.2504533663000887	0.009264238166669058	0.00725742256918477	0.005388048712610395	0.001521011535080446	0.0004909589279341137	0.00127982160287006	0.002581727882471716	0.00380439843555997	0.005227171727437769	0.006225830845118625	0.006962883662083279	0.006797226678840368	0.007320449586534407	0.008641799234687095	0.009753901560624249	0.008354786456037709	0.009704943659219697	0.01282308431835001	0.01444021161585354	0.01551070878048984	0.01632371737546731	0.01841672539346958	0.01742158909106633	0.01370144002447555	0.009196979262784712	0.006721026870814313	0.004332330784533721	0.002402545028999553	0.0009338604721249588	9.571209800918837e-05	1.807439057673573e-06	0	0.009264238166669058	
-0.2442762582545311	0.009463738375032817	0.00734168872383423	0.006015098513751062	0.002082698092583776	0.0002626902012931605	0.000568603809089882	0.001825961613134801	0.003065247082195183	0.004364279863930124	0.005328229163037664	0.00671322694007604	0.007438101780623185	0.009007315865710776	0.01185195570564219	0.01161154116819142	0.01224301872808483	0.01521030479540217	0.01877814127525366	0.02037128684383164	0.019378986811929	0.02021052447903262	0.02194033356824054	0.01987444820497097	0.01573875132981497	0.01123670535670924	0.007664841957499076	0.005534446508207386	0.003260444010859589	0.001625829272064684	0.0002796294628111581	7.229756230694291e-06	0	0.009463738375032817	
-0.2380991502089736	0.009693909278335432	0.007392850317728546	0.006508283750603272	0.002842312294159708	0.0004456675139180515	0.000314862044121433	0.001238774787334191	0.002871244102309412	0.004342358823517689	0.005912285052062947	0.007375451973874905	0.009779929635425469	0.01250252113166725	0.01551656203844936	0.01660750507099391	0.01961521941140305	0.02495246779751437	0.02700870780105545	0.02744177303087152	0.02594586917199634	0.02671471010351732	0.02460973370064279	0.02036580620054482	0.01779344583741839	0.01337659657131757	0.009584375739432594	0.006496139087146319	0.004308749499915494	0.002325728946502286	0.000701888718734048	7.591244042229006e-05	1.858877721164624e-06	0.009693909278335432	
-0.2319220421634161	0.009945746635860907	0.007782581282982299	0.007105390162363626	0.004406118995526122	0.001536284763424828	0.001342794011694347	0.002072201249760864	0.003548314502110753	0.005591858127026451	0.00742673172571096	0.00883954054700211	0.0113118845020159	0.01556684207631236	0.01775738662321997	0.02020377116363787	0.02637540952771313	0.03076488851255998	0.03439546834690109	0.03430892998952663	0.03400408550314767	0.03296152017344495	0.02702714246054626	0.02286583568202455	0.02015408470486799	0.01577145354766646	0.01145605410852012	0.008075389155501919	0.005151672689074732	0.002995887841572851	0.001274284598985076	0.000321724152265896	4.833082075028023e-05	0.009945746635860907	
-0.2257449341178586	0.01027158759677097	0.00857257648282099	0.008246761710507311	0.00638361230432356	0.003034524739076164	0.002728187005828652	0.003326129245502812	0.004561010057114477	0.006620154204555192	0.008871501556457712	0.01109702971972859	0.0142243545707344	0.01833779497240507	0.0213591435070476	0.02525924162768556	0.03244498221519752	0.03739923638314832	0.04097992156754252	0.04282190277793763	0.04241738135122377	0.03918215645816338	0.03069596600251991	0.02636037374654575	0.02301535979752046	0.01865195959399738	0.01377172436345654	0.009812564230693079	0.006354014903053136	0.003729493732626428	0.002066255292316008	0.0008025029416070664	0.0003940820768869003	0.01027158759677097	
-0.219567826072301	0.01071729751221271	0.009612360641084866	0.009717510541834437	0.008776575352480604	0.005474826126261593	0.005021123538901206	0.005610475412972283	0.006530140302955054	0.00784773246765152	0.01000067627523992	0.01218663320984494	0.01516152466820447	0.01712306789636774	0.01972022326058107	0.02622169557478164	0.03052192148858937	0.03363387952719028	0.03629403180180243	0.04001749398644216	0.04298968598438486	0.0375157587998447	0.03393341448309736	0.0321780524141401	0.02750370262208223	0.02356005050750328	0.01686371576011677	0.0120682990298219	0.008213152596909424	0.004812058101586572	0.002998979070954569	0.001462218197657921	0.000959180904120946	0.01071729751221271	
-0.2133907180267435	0.01134281085945196	0.01136690236110756	0.01191042346998087	0.01125691186513817	0.007429603555194834	0.006141661990039246	0.006157885066702529	0.006029612614849764	0.005882810117955125	0.006316000877108493	0.008511601632501073	0.01098047306239534	0.01304800234694439	0.01592991802981481	0.02248054394171462	0.02531983166902019	0.02747097666657362	0.02983753276664615	0.03295084419993785	0.03658989986757623	0.03314473666990931	0.03451854699211993	0.03475669917491166	0.03142882969329078	0.026932276237191	0.02122919286528967	0.01536115327682604	0.01054723685927676	0.006624262924351354	0.004117496922199202	0.002573793218127168	0.001983422528482654	0.01134281085945196	
-0.207213609981186	0.01218104939360659	0.01330652867080674	0.0133758881737703	0.01267093548450369	0.008666964986113652	0.005667516794185794	0.004669082340640337	0.003947960640675441	0.003244313981040293	0.00345515168033904	0.005344346438900749	0.008237000880105877	0.01168200737087222	0.01675904729904493	0.02174059278883967	0.02352591078682661	0.02605043841284315	0.02877931707047163	0.02902237005152286	0.02764607344715372	0.0282676880259295	0.0320370726290388	0.03363247208103869	0.03239881237962133	0.02885059006362003	0.02464819624973081	0.01934463479252897	0.01432969421570704	0.009754975632388104	0.006016725219950155	0.004377617397685394	0.00356160971375142	0.01218104939360659	
-0.2010365019356284	0.01313746858715866	0.014599111293019	0.01416322317688793	0.01320587506307829	0.009494892034327268	0.005841616983288234	0.004735377627424276	0.004264185497889247	0.003874045687433863	0.00441833156750354	0.006738615759263216	0.009828214745833763	0.01462027173215497	0.0219102848288682	0.02440803907770005	0.02704918262900649	0.02894424232273513	0.02974070257222495	0.02989323297309532	0.0249015176516294	0.02760461880062992	0.03223354047878361	0.03332193382783602	0.03570857409068469	0.03257794667573211	0.02792097476158699	0.02374296408738203	0.01858923753960562	0.01371248200682848	0.00891436206948323	0.006423638410971878	0.005191845475212795	0.01313746858715866	
-0.1948593938900709	0.01392674656242007	0.01471497725566201	0.01448731633253367	0.01395657360501131	0.01136995657459224	0.00757706248529872	0.006834096991898716	0.00693948659051403	0.007355505469299583	0.008637879200847598	0.01080717403400832	0.01428800312536351	0.02017822108949559	0.02724281884613246	0.0306355300740986	0.03480038068180223	0.0378334620502275	0.03908481633387051	0.03816067612723039	0.03630583625403642	0.03766407691603013	0.03816174429282251	0.04013019021450725	0.04154585341093195	0.03895816133262105	0.03400658809516847	0.02768401798930824	0.02306058136027265	0.01762636857153054	0.01209538179743567	0.007985265756801845	0.006069235759602497	0.01392674656242007	
-0.1886822858445134	0.01439102772433855	0.01414016170073176	0.01371759508787504	0.01357498337229477	0.01199135477489261	0.008104919441619946	0.007457272687667751	0.007810559970201142	0.00881425106765431	0.01062776786135128	0.01277269178608227	0.01719608363859034	0.02351299070389996	0.02907270472603684	0.03414382994577141	0.03963189529566006	0.04332951835068685	0.04441739346949503	0.04225027909813896	0.04120175618151665	0.04234482217094099	0.03956691652251906	0.03976855072976489	0.04090615156761718	0.04117697052110145	0.03658014585266382	0.02987375427811772	0.02449183926267754	0.01964874156848905	0.01402839083566045	0.009273969804923102	0.006634334586836543	0.01439102772433855	
-0.1825051777989558	0.01451202220895973	0.01256769506486237	0.01200377638981361	0.01207180315650014	0.01082283629327821	0.006586173111151858	0.004951310847234824	0.004826794139557984	0.005565951442902665	0.007047607727571742	0.008744332475050196	0.01322792547412686	0.01822319807843928	0.02125036561458301	0.02667963737219026	0.03159434367481465	0.03454575342805656	0.03399085646306966	0.03101346192947928	0.03114673974342372	0.02962872485680758	0.02952142994426293	0.03112065000766518	0.03380685176300437	0.03694271769219562	0.03555125447647508	0.03013774831939508	0.02491544025621442	0.01998382101602433	0.01531205897366604	0.009917418109454894	0.006578568255201605	0.01451202220895973	
-0.1763280697533983	0.01418111636264692	0.01034367048322125	0.009381087755267395	0.009172430640625808	0.008420579693866274	0.004484005934223467	0.002004011811925954	0.001742146759374224	0.002658424355471591	0.004176511936257984	0.006804203542163424	0.01091024017452873	0.01471882506096555	0.01731260590736475	0.02159053276483007	0.02416880262097736	0.02570926110299523	0.02474357289584529	0.02230866911429021	0.02253710580951864	0.0192595436164319	0.02148760330578512	0.02498064049497439	0.02766710472336372	0.03206194453887621	0.03256826707574183	0.02982896957468674	0.02522137430710216	0.02044975989277458	0.01624102933669639	0.01094946581138651	0.007732931320044836	0.01418111636264692	
-0.1701509617078408	0.01349904512841032	0.009046573602724204	0.00786806590363865	0.007744141965831626	0.007226698020402877	0.00394133194053182	0.0008580504260892789	0.0009350943630494164	0.002114383988872083	0.003824029083933954	0.007250623612871285	0.01092560361874955	0.01490676396706944	0.01798702884064522	0.01990623835741193	0.02051077615853881	0.01957117113764023	0.01913779628310382	0.01786611729410997	0.01653417327044945	0.01607942871351483	0.01971085057765819	0.02410405783087065	0.02748631941981824	0.0312758001068428	0.03236886952221688	0.03137522038788267	0.02727305790711158	0.02263075037969062	0.01790379245113053	0.01314188938834455	0.009264646562284486	0.01349904512841032	
-0.1639738536622833	0.01267571986794155	0.008506367361310699	0.007473517714156882	0.007430310746401194	0.00713430353581011	0.004548830472719056	0.0009035100513125519	0.00099135522721629	0.002287759490315882	0.004207251719890895	0.008991873462125171	0.01276702214750223	0.01525284658684611	0.01883791368836826	0.01929564929420044	0.01857648588024245	0.01462410014484528	0.01167149664898363	0.01130203597776422	0.008910407171770761	0.01156881306246374	0.01482050953509727	0.02060951976634945	0.02672493516065556	0.03021647807294449	0.03298567262112072	0.03261269245637027	0.02943171145498384	0.02568413706137307	0.02052930666906885	0.01596691663548834	0.01095622528854429	0.01267571986794155	
-0.1577967456167257	0.01182341220766818	0.008252064144600722	0.00746823358661918	0.007271612004757396	0.007250249555691229	0.005347098361050454	0.00137136536090207	0.001319220263223243	0.002568747371966178	0.004955253121625027	0.009643519821262714	0.01361201157964739	0.01641715102953849	0.01878715067188478	0.01836941673221013	0.01707734072986471	0.01326559412926898	0.008140652773839248	0.005309578341217137	0.00354661776316614	0.005518306381605064	0.008366967775001602	0.01311729304983942	0.02037311305339425	0.02570904764217376	0.03133731951198113	0.03158264427745774	0.02992377321515293	0.02707997097299934	0.02223335735519322	0.01755023325001039	0.01235038357941776	0.01182341220766818	
-0.1516196375711682	0.01095984924649981	0.008113626890533751	0.007498176975999493	0.007225250574614264	0.007291917656586005	0.006106471526284498	0.002318440886386926	0.001907049292277129	0.003551208546814375	0.006779146950510998	0.009984153145357336	0.01447016967826753	0.01791837034049029	0.01827226864755238	0.01762170385395537	0.01456192115170282	0.01159692692292184	0.006280129752460524	0.001868327060818458	0.0006433205365460371	0.001457007376645131	0.002878681102782583	0.005707614476585809	0.01167455864049452	0.01885228983536497	0.02575950528137654	0.02819079226497459	0.02759824654861463	0.02551758869691767	0.0228583010539591	0.01796955911139066	0.01300284965954655	0.01095984924649981	
-0.1454425295256106	0.01032730133620118	0.008109112632248958	0.007471756338310981	0.007371467392757988	0.007282859373782793	0.006539869869369295	0.003443566610662934	0.002471597963744723	0.004248696196300924	0.008428848672143814	0.01158788022401401	0.0155039099965542	0.01810172537083555	0.01774046561772548	0.01665148818147949	0.01268377863184757	0.009276921215955932	0.004416148509852473	0.0004910592685518738	6.683849730348438e-05	0.0001875787939992235	0.0003886646592777671	0.001403318435358908	0.005267110285988444	0.0133189257442572	0.01954627751353909	0.02387731819767497	0.02410246865245678	0.02335840811487079	0.02175667357295138	0.01738214141764675	0.01307720476839313	0.01032730133620118	
-0.1392654214800531	0.00992661262433942	0.008184350270328834	0.007572154761527324	0.007439226406044104	0.007297352626267933	0.006945486267384552	0.004686129700099064	0.003086587409982617	0.00504383211671559	0.009330548992042494	0.01327200523009675	0.01613600598735369	0.0178610718935074	0.01724008731238835	0.01529577348180652	0.01164223771276491	0.006795631689789183	0.003070900451643693	0.0003107484433804827	0	0	2.989728148290516e-05	0.0002397827018400374	0.002423218395599964	0.008838813073672964	0.01488569202914926	0.02043361021279805	0.02173843280468785	0.02125672637293351	0.02042233432423505	0.01714175202297617	0.01315527763268204	0.00992661262433942	
-0.1330883134344956	0.009674775266813943	0.008516900630641882	0.007533404492917508	0.007410696295186792	0.00737525385837556	0.007562245447928301	0.006017717888930771	0.003951840700273156	0.006135898493625959	0.01015437519340447	0.01466839028539148	0.01706220219609461	0.01723995672821284	0.01642787904865273	0.01387279049550855	0.0105473564231632	0.004565572728146818	0.001469744022464605	0.00012660121767353	0	0	0	1.572345585836311e-05	0.001182057753951202	0.005706376572288864	0.011958535943403	0.01791152428273762	0.02047618741990625	0.02002149266988925	0.01937325466174218	0.01730803641628213	0.01356794848678059	0.009674775266813943	
-0.1269112053889381	0.009417028876318593	0.00869295670374879	0.007670791808897766	0.007473105912687162	0.007406052019906482	0.00813640564603209	0.007542509484961388	0.005212860069530668	0.007229957692392004	0.01071178993661457	0.01537293001783565	0.01767015563168996	0.01661654962503896	0.01552139661144778	0.01260504201680672	0.009185773280966191	0.003656800439188246	0.0003838625564554616	7.672801071123029e-06	0	0	0	0	0.0005180194274668502	0.003366155116312952	0.00991670499530751	0.01591271225592336	0.01962042783700347	0.01941478077080169	0.01862257154010149	0.0178918392319107	0.01424643885500568	0.009417028876318593	
-0.1207340973433805	0.009086123030005788	0.008882555551710076	0.00796318019931729	0.007555129981401934	0.007574536080046233	0.008560543340760373	0.009023735606819702	0.007150949838589521	0.00893382037899486	0.01242706986333092	0.01556546189667174	0.01725753741547362	0.01622233630979666	0.01380754048350565	0.01085089208097032	0.006538406470467683	0.003017868386200308	0.0003077816894102349	0	0	0	0	0	0.0001112524944895249	0.001954737506677675	0.007975902140997998	0.01397282747046567	0.0180886181836075	0.01876841449922476	0.01861131129327688	0.01778158544939261	0.01496768341081755	0.009086123030005788	
-0.114556989297823	0.008696971001561391	0.009294857808387793	0.008350682885415456	0.00759614201575932	0.007895199291279954	0.009034688536613825	0.009989752642814254	0.008811615346411721	0.01013349913611172	0.01421202663294854	0.01619383517155437	0.01664738920213244	0.015397238673243	0.01274151713735264	0.009518462557436767	0.004306533072433416	0.001811341354101727	0.0001971186100717235	0	0	0	0	0	3.476640452797653e-06	0.001226263901704628	0.005918119388620515	0.01183730424370421	0.01658034191874135	0.01803282588954671	0.01806894273789148	0.01761891593420199	0.01580789614078396	0.008696971001561391	
-0.1083798812522654	0.008336238607876854	0.009636436685270427	0.008981255438247925	0.007799419055617668	0.008156077836012472	0.009790357442505265	0.01082317910524093	0.01002413397069779	0.01108606798312478	0.01496617599140926	0.01692587945811797	0.01585287965814142	0.01470965730944828	0.01209368435556351	0.008351616508672435	0.003408168937375598	0.0004931562933256414	2.420754860529938e-05	0	0	0	0	0	0	0.0007193676849108834	0.003908192049089019	0.009892705278937989	0.01478966499151728	0.01767593653714227	0.01747402636399123	0.01721947190245613	0.01633767629131588	0.008336238607876854	
-0.1022027732067079	0.007991826400490057	0.009529599239197004	0.01004160369748018	0.007961684061118629	0.008536525713747394	0.01048861032858633	0.012069530496779	0.01178568102806059	0.01222994772828273	0.0150420007910371	0.0168518287354887	0.01528662699971687	0.01314426373787565	0.0112476340808389	0.006853603510369665	0.003029171567898081	0.0003039579669554267	0	0	0	0	0	0	0	0.000336919042300034	0.002424674250863392	0.008037675721033725	0.01328566752456565	0.01667268091316089	0.01699358916614119	0.01704595775291947	0.01688790409678061	0.007991826400490057	
-0.09602566516115035	0.007652479078506005	0.009132344510135263	0.01060348259232251	0.008626792270479716	0.009119879126274273	0.01087570542988856	0.01348067302975143	0.01427861931959275	0.01400754482354559	0.01537603977318138	0.01624884427979325	0.01482352889534641	0.01189974146940721	0.009492684082410132	0.005244339114956327	0.002338554139072383	0.0002357225049858412	0	0	0	0	0	0	0	0.0001032004273711816	0.001478200530131629	0.006349999528582069	0.0121154162949461	0.01561985732356778	0.01642494670149836	0.01671881128348055	0.01689719848538643	0.007652479078506005	
-0.08984855711559281	0.007304690280850709	0.008596652527006551	0.01098217839919118	0.009498743783556314	0.01001664912379231	0.01168508609624777	0.01412847268918307	0.01662799540600944	0.01620762015221173	0.01622445780144969	0.01542370765621	0.01383587890972221	0.01131758924806102	0.00760961789952307	0.003777373018172786	0.001019081815706212	9.925158104666996e-05	0	0	0	0	0	0	0	1.821184012432616e-05	0.0009145701121677705	0.004857961777434167	0.01079754653727582	0.01427160865892878	0.01606837221871903	0.01626695151906216	0.01699943676005049	0.007304690280850709	
-0.08367144907003532	0.006983070057776273	0.008247549886315928	0.01114950910455175	0.0106488638774917	0.01089349089914327	0.01253706574504694	0.01473460102549338	0.01781141358331264	0.01756871747963834	0.01668145591812561	0.01475301968268207	0.01250145404025661	0.0106873063312492	0.006874762803762265	0.002967566336879579	0.0003312717748025705	6.203223815416872e-06	0	0	0	0	0	0	0	0	0.0006008512946218492	0.003580419184824114	0.009019706003795295	0.01341507421315811	0.01528015494099631	0.01585485541391258	0.01749947486704377	0.006983070057776273	
-0.07749434102447778	0.006761059247622529	0.008054941532831449	0.01132564668914182	0.0123036103072158	0.0117051130383111	0.01340201030154523	0.01546574333116769	0.01858548547305687	0.01841566676830058	0.01623060575817627	0.01419658139549645	0.01149624583266575	0.009765947303764278	0.006205174443480216	0.002649335596307489	0.0002582796888291227	0	0	0	0	0	0	0	0	0	0.0003695501325329072	0.002427802343889952	0.007246144268229284	0.0122730282854639	0.01455199231300483	0.01578617272972099	0.017750423359401	0.006761059247622529	
-0.07131723297892023	0.006644004118314597	0.00783675238239981	0.01118121386977796	0.01390307964715385	0.01298957753980662	0.01402432587110289	0.01666284679538054	0.01990082567668239	0.01955954651345852	0.01587402426803452	0.01327623669996128	0.01087512373059542	0.008312858688278113	0.004950602750388579	0.001847290640394089	0.000185287602855675	0	0	0	0	0	0	0	0	0	0.0001648353109139586	0.001586321337318386	0.005823443961653413	0.01113098235776968	0.01405091132930967	0.01558193211620387	0.01785080275634389	0.006644004118314597	
-0.06514012493336269	0.006529762814230415	0.007535801830080308	0.01065984661939134	0.01501932023444619	0.01449868745482182	0.01497076413313849	0.01772357138392358	0.02130928731065309	0.02110796909531866	0.01604206841856109	0.01205968911390905	0.01003671863168776	0.007164597810740938	0.003708117489793008	0.0007011425259759076	5.614775844111363e-05	0	0	0	0	0	0	0	0	0	4.519677879898866e-05	0.0009664067582474567	0.004693841312221745	0.01000678089769568	0.0132120229408762	0.01540841796666721	0.01830436892030805	0.006529762814230415	
-0.0589630168878052	0.006431278931399223	0.007400374081536533	0.01021421853037845	0.01549185019552042	0.01627954585393338	0.01603203443479485	0.0186289755862871	0.02186801589272411	0.02192104041243441	0.01628593736871551	0.01126840424924204	0.009209287421509262	0.006470140633308275	0.002941837669542432	0.0002897710808461316	0	0	0	0	0	0	0	0	0	0	2.658634046999333e-06	0.0006882701790445301	0.003654093418994868	0.008593102518449197	0.01250450409872984	0.0151354946689585	0.01880254814958017	0.006431278931399223	
-0.05278590884224765	0.006379504547282253	0.007412412103629313	0.0103357534637456	0.01604462109338084	0.01782307724360077	0.01713590371889117	0.01920669165683287	0.02203097839582816	0.0220047389303728	0.01598673680802185	0.01080294256414379	0.008656203429559705	0.005954454610462238	0.002439042077706092	0.0002250900360144058	0	0	0	0	0	0	0	0	0	0	0	0.0004714179308524179	0.002704200281972783	0.00715563151570908	0.01199403957601417	0.01501439625209437	0.01915201716115912	0.006379504547282253	
-0.04660880079669011	0.006350522147477645	0.007642639276153732	0.01084831383490272	0.01665445221295588	0.01927421414867541	0.01818420911284841	0.02026362794327397	0.02258388688850261	0.0217237510487225	0.01542932206481176	0.01020630531324514	0.008030691771997708	0.004952877757201269	0.001592991802981481	0.0001371238150432587	0	0	0	0	0	0	0	0	0	0	0	0.0003017074757455475	0.001893368077172399	0.005823244600065826	0.01102190493348948	0.01531081625755284	0.01949590953957458	0.006350522147477645	
-0.04043169275113256	0.006364028508551637	0.007964656367135598	0.01117592974224026	0.01689874128717161	0.02031410501448419	0.01982334387195116	0.02143231914172227	0.02288071144772784	0.021253445090783	0.01542112478917632	0.009952417121373366	0.007326168115585775	0.003829828196336566	0.00065508464128677	4.398311048557354e-05	0	0	0	0	0	0	0	0	0	0	0	0.0001272828413301528	0.001356378938900905	0.004810075382962103	0.01015111251238627	0.01524032613430357	0.01968551506713337	0.006364028508551637	
-0.03425458470557508	0.00635896362314889	0.008388996645906095	0.01173076313369899	0.01610524757895263	0.02087571854828336	0.02162361391245724	0.02228658126570961	0.02268670846784207	0.02041645991139914	0.01585967903567249	0.01044326762565879	0.006775278901382051	0.003105575826472799	0.0003142472448977125	0	0	0	0	0	0	0	0	0	0	0	0	3.771343446819343e-05	0.0008792929714326057	0.003999143465554229	0.009150827252800049	0.0155186717491853	0.01985095518431702	0.00635896362314889	
-0.02807747666001753	0.006343768966940649	0.009030021322346631	0.0122045732362463	0.01583421152580816	0.02077245412432674	0.02329979126498604	0.02347989642782053	0.02242480444499628	0.01924667348211741	0.01595599702438895	0.01123878396019033	0.006193662798736686	0.0023767395808504	0.0002175557849291856	0	0	0	0	0	0	0	0	0	0	0	0	2.35708965426209e-06	0.0006375408892625706	0.003327001851859195	0.008302555325346066	0.01550421223672391	0.0200256896901065	0.006343768966940649	
-0.02190036861445999	0.006363184360984512	0.009699636301257522	0.01280344102385255	0.01557030800037802	0.02086847192204079	0.02510006130549212	0.02467889404308436	0.02201351812763844	0.01837581033118706	0.01605641365092312	0.01134457070680357	0.005467191364866437	0.001526430627624269	0.0001281161844582982	0	0	0	0	0	0	0	0	0	0	0	0	0	0.0004257403924941327	0.002633050333295001	0.007692625289013002	0.01521682942655381	0.02010748030983774	0.006363184360984512	
-0.01572326056890244	0.006325479102986285	0.01028498512551895	0.01325083048871134	0.0156220188263069	0.02059672343794442	0.02625208596104231	0.02592524543462243	0.02152657064812516	0.01775803555592755	0.0161199425370978	0.01162596345279478	0.004815342374354461	0.0007517556244155558	4.109387048662395e-05	0	0	0	0	0	0	0	0	0	0	0	0	0	0.0002610066727853477	0.002073923681194707	0.007407365702789538	0.015005359056806	0.02061681280543684	0.006325479102986285	
-0.009546152523344953	0.006355868415402767	0.01052574556737455	0.01364890142988491	0.01547936827202034	0.020553243680489	0.0268299504184887	0.02633059375952995	0.02109006394338217	0.01726580855757561	0.01604206841856109	0.01211469822214794	0.004878990928983576	0.0005019343955701425	0	0	0	0	0	0	0	0	0	0	0	0	0	0	0.0001112487457773613	0.001806256666891375	0.007416749241810047	0.01475773990590472	0.02081571272160146	0.006355868415402767	
-0.003369044477787408	0.006361214683327889	0.01067020183248791	0.01396418770630115	0.01532245266230513	0.0201691724896328	0.02664103319201584	0.02670374151657098	0.0208320399801341	0.01706652637200803	0.01627978941198892	0.01235166053456159	0.005214791924095807	0.0004904747061735638	0	0	0	0	0	0	0	0	0	0	0	0	0	0	5.348497393142371e-05	0.001629794709313623	0.007456160105696183	0.01460049270788712	0.0209662818170158	0.006361214683327889	
0.002808063567770192	0.006323790807852035	0.01045953644586426	0.01392543743769133	0.01548650079973467	0.02024707372174042	0.02679105569539135	0.0264461369736391	0.020983362304445	0.01746708356499888	0.01594575042984464	0.01221413776396438	0.004835095374066945	0.0005065182713287739	4.834572998426346e-06	0	0	0	0	0	0	0	0	0	0	0	0	0	8.771535724753488e-05	0.001762636857153054	0.007580022820766898	0.01458964807354108	0.02101833039320841	0.006323790807852035	
0.00898517161332768	0.006309440299210919	0.01008334825546489	0.01348509347621614	0.01546688634852027	0.02051882220583679	0.02641136911277433	0.0260957190292097	0.02120840576111249	0.01800115982232	0.01577155832259149	0.01188619884946334	0.004826316263083619	0.0006921652395533471	3.142472448977125e-05	0	0	0	0	0	0	0	0	0	0	0	0	0	0.0001904065071958684	0.001992632217591473	0.007630693931477645	0.01485353417596142	0.02076924077857234	0.006309440299210919	
0.01516227965888522	0.006301280206062049	0.009606341630038477	0.01300599924613114	0.01576823564445063	0.02050251729679101	0.02528712640229368	0.02486641499713036	0.02151105040973429	0.01871259722479628	0.0159273065596649	0.01148209347740078	0.005407932365728984	0.001441628926089587	0.0001450371899527904	0	0	0	0	0	0	0	0	0	0	0	0	0	0.0003230492425457992	0.002510121778577915	0.007842761913341141	0.01511922771743944	0.02051457453077279	0.006301280206062049	
0.02133938770444271	0.006294808408047427	0.009090211432810531	0.01241417696190849	0.0158003320191651	0.02059491178138378	0.02349982126948672	0.0235442975635535	0.02186995592252297	0.01959143166314934	0.01605641365092312	0.01122820528552901	0.006075144800461781	0.002404242835402189	0.0002344767904236778	0	0	0	0	0	0	0	0	0	0	0	0	4.714179308524179e-06	0.0005155951486989245	0.003160453487403788	0.008355103143860914	0.01550059735860856	0.020324969003214	0.006294808408047427	
0.02751649575000031	0.006326041868031034	0.008506367361310699	0.01167263773078427	0.01628891016759657	0.02052244551895808	0.02178289706418926	0.02231309938042319	0.02263820772287062	0.02032479010603805	0.01608100547782945	0.01045807777018464	0.006775278901382051	0.003002438621903592	0.0003360028233906311	2.587241793269032e-06	0	0	0	0	0	0	0	0	0	0	0	1.649962757983463e-05	0.0007594866298262167	0.003898024815706304	0.009242785935201033	0.01552409406635832	0.02003870183415465	0.006326041868031034	
0.0336936037955578	0.006344050349463024	0.008038389252453875	0.01123581652100088	0.0167115124346705	0.02024888537830107	0.01994928868959974	0.02139633027175385	0.02300875341445244	0.02091665819717378	0.01566909237714845	0.009941838446712042	0.007394206225706554	0.003818368506939988	0.0005922351923072274	3.104690151922838e-05	0	0	0	0	0	0	0	0	0	0	0	9.664067582474566e-05	0.001127463250474412	0.004827919850582324	0.01000472930366634	0.01553855357881971	0.01969852721118152	0.006344050349463024	
0.03987071184111535	0.006322946660284911	0.007729914936326387	0.01070564239138476	0.0166526690810273	0.01940103010792038	0.01816939207547799	0.02015376718231772	0.02273132915321579	0.02144276316707221	0.01567114169605732	0.01019149516871928	0.008013133550031056	0.004929958378408112	0.001527725067502726	0.0001578217493894109	0	0	0	0	0	0	0	0	0	0	0	0.000209780979229326	0.001735052554335385	0.005803417413821135	0.01101627481007717	0.01550963455389693	0.01926540870215016	0.006322946660284911	
0.04604781988667284	0.006321258365150662	0.007568906390835454	0.01022302540960795	0.01606423554459524	0.01795170485940639	0.01680807676707062	0.0192673044904639	0.02238988390861684	0.02153244015057762	0.01611174526146235	0.01090872931075703	0.008640839985338884	0.005881112598324135	0.002417286499213173	0.0002406134867740199	0	0	0	0	0	0	0	0	0	0	0	0.0003629918067563618	0.002556581753922053	0.007129856173590981	0.01182513587364502	0.01537407662457141	0.01892151632373471	0.006321258365150662	
0.05222492793223044	0.006379785929804628	0.007508716280371554	0.01011734285885391	0.01528857315566207	0.01657122256019682	0.01564493933349262	0.01860624577367547	0.02225020176309908	0.02157428940954681	0.01636586080616107	0.01141015848970378	0.009189534421796777	0.006509103577256642	0.002862067215068397	0.0003182307405720909	2.807387922055682e-06	0	0	0	0	0	0	0	0	0	5.317268093998665e-06	0.0005562731584058531	0.003487220300328826	0.008408709686373568	0.01262836681380056	0.01529635674509145	0.01862037813290604	0.006379785929804628	
0.05840203597778792	0.006466451746696077	0.007573420649120246	0.01065984661939134	0.01467517577222986	0.01469253470681056	0.01480036820337866	0.01788836252535795	0.02128988701266452	0.02106014137078244	0.01619986597454336	0.01215489718586097	0.009902837189192036	0.007258567263792882	0.003628347035318973	0.000651984931903796	3.930343090877954e-05	0	0	0	0	0	0	0	0	0	2.126907237599466e-05	0.0008461951858800902	0.004471343820667022	0.009913593122345635	0.01334339248716332	0.01548613784614717	0.01807015032744131	0.006466451746696077	
0.06457914402334547	0.00657140742754189	0.007845780898969396	0.01111075883594193	0.01374081464165289	0.01303849226694397	0.01392986725786646	0.01674997774372515	0.02009676868636702	0.01956353215716987	0.01594370111093578	0.01317679715814484	0.01089707150805374	0.0082234731109848	0.004919178025898807	0.001780022353769094	0.000193709766621842	0	0	0	0	0	0	0	0	0	0.00011963853211497	0.00140953961324873	0.005716474013790566	0.01101995011479941	0.01395144581569228	0.01568314870343359	0.01790471021025766	0.00657140742754189	
0.07075625206890296	0.006734890673041669	0.008118141148818543	0.01123933927269269	0.01219662239150088	0.01160184861435448	0.01328532613225317	0.01553014446690066	0.0186572665756146	0.0187444823744871	0.01571827603096111	0.01439969194899386	0.01161476383094066	0.009690313353746861	0.006125403989006181	0.002636399387341143	0.0002695092405173454	0	0	0	0	0	0	0	0	0	0.0002685220387469326	0.002272234426708654	0.007154150113067235	0.01206484282989464	0.01468711527490016	0.01584581821862421	0.01759055987538084	0.006734890673041669	
0.07693336011446056	0.006924823875644683	0.008390501398667692	0.01096456464073217	0.01072910481427789	0.01056014609198505	0.0125037274109635	0.01485582669275544	0.01785021417928979	0.01791148283881459	0.01612609049382438	0.01501113934441837	0.01242024726366085	0.0107308531509562	0.00685542451176856	0.003006374963778615	0.0003340791627246261	9.304835723125309e-06	0	0	0	0	0	0	0	0	0.0004652609582248832	0.003342353129743643	0.00906463338189769	0.01317714797822182	0.015274524817584	0.01588196699977769	0.0175608178318422	0.006924823875644683	
0.08311046816001805	0.007256011104479863	0.008566557471774599	0.01098217839919118	0.009448816089556018	0.009679681003512802	0.01168138183690517	0.01427811062220968	0.01668231624037745	0.01655437115509933	0.01597444089456869	0.01549352690897474	0.01388855357562216	0.01114569390711234	0.007766741521971926	0.003622138510576644	0.000943282341810709	8.684513341583621e-05	0	0	0	0	0	0	0	6.070613374775387e-06	0.0008374697248047898	0.004638752439587792	0.01054081866240498	0.01431721118729157	0.01593137254901961	0.01621995810356264	0.01717603014356113	0.007256011104479863	
0.08928757620557559	0.007568908469360679	0.009174477587459992	0.01063166460585693	0.008535852542122035	0.008866247207784325	0.01100905876622234	0.01331588188831707	0.01437368077973678	0.01439215944169103	0.0154477659349915	0.0158616647871888	0.01509568133582953	0.01185161077394158	0.009366985184451046	0.005192594279090947	0.002245910337644545	0.0002605354002475086	0	0	0	0	0	0	0	6.677674712252926e-05	0.001345268827781662	0.00612607601142717	0.01202984033665582	0.01542158546112087	0.01661449418971264	0.0163934722530993	0.01716115912179181	0.007568908469360679	
0.09546468425113308	0.007905441966120981	0.009528094486435407	0.009969387287798245	0.007995563567761687	0.008261153916529736	0.01038303893732208	0.0120941544604416	0.01193894338217035	0.01237542372374706	0.01540677955681429	0.01635463102640649	0.0155873115508958	0.01310988466968591	0.01109534503138847	0.006827731092436975	0.002967409033612855	0.0003287708622170942	0	0	0	0	0	0	0	0.000227648001554077	0.002233252599479439	0.007933963776246193	0.01327924932769388	0.0164089793361065	0.0170104795363781	0.01692305189699766	0.01688232746361712	0.007905441966120981	
0.1016417922966907	0.008212430298031927	0.009544646766812978	0.008991823693323329	0.007695997403759912	0.00797310052338758	0.009723680774338373	0.01077203702686474	0.01024723739756643	0.01099240535590802	0.01539243432445227	0.01658736186895561	0.01597139765641632	0.01463173142155155	0.01215653380454305	0.008328331332533013	0.00335482856685654	0.0004497337266177233	1.729110614664241e-05	0	0	0	0	0	0	0.0005858141906658249	0.003660939082718081	0.009748922810028001	0.01460139788327867	0.01762042041565713	0.01747965648740354	0.01704776519197714	0.01671316959099113	0.008212430298031927	
0.1078189003422483	0.008581604167387709	0.009422761793123581	0.008246761710507311	0.007571178168759172	0.007741208483625342	0.009056914092669456	0.009811702444023102	0.008964877700521481	0.01017734121693659	0.01457065744199915	0.01603092358176998	0.0164147427610743	0.0156883147839161	0.01259164537440142	0.009505526348470423	0.004334606951653972	0.001659362370624013	0.0002109514949890374	0	0	0	0	0	6.953280905595305e-06	0.001095745714146957	0.005716063201048565	0.01179016245061897	0.01606902556795694	0.01833816455771496	0.01779682010629673	0.01749601007828019	0.01617037729641107	0.008581604167387709	
0.1139960083878058	0.008988483294741721	0.00903152607510823	0.00782050875579933	0.007446358933758432	0.007630697433426151	0.008375330373630118	0.00884000295487564	0.007306152222498138	0.009204844151366777	0.01273241838075116	0.01556123042680721	0.0169151520871239	0.01647444947652139	0.01371084902353712	0.01073187895847994	0.006409266626053121	0.002958937759953848	0.0003181563530982204	0	0	0	0	0	7.30094495087507e-05	0.001793866252246127	0.007760552783191052	0.01379133156708749	0.01788323588371083	0.01901030617140999	0.01820218899198271	0.01785207557264188	0.01537663650947377	0.008988483294741721	
0.1201731164333633	0.009362440666977875	0.008563547966251405	0.007612666405983041	0.007323322830686274	0.007502069817620534	0.007916002215147086	0.007468637593973569	0.00525360069530668	0.007435218343526617	0.01072818448788545	0.01586378052212107	0.01725314785998196	0.01677240140083243	0.01546579902196588	0.01241617336589808	0.009109973807070687	0.003681613334449914	0.0004115283262900894	1.534560214224606e-05	0	0	0	0	0.0004484866184108972	0.003077800981011121	0.009754528318440552	0.0157430018008165	0.01953913067662771	0.01921849162697925	0.01858879079962766	0.01801655252689018	0.01467769848631587	0.009362440666977875	
0.1263502244789207	0.009612871111891479	0.008402539420760472	0.007499938351845393	0.007218118046899936	0.007518374726666316	0.007434448500608424	0.006032871097338528	0.003812158554755401	0.006285360132801648	0.01020765748503485	0.01514443064515105	0.01684491919925729	0.01714827921304021	0.01664785212008112	0.01370203253715279	0.01044348307004714	0.004537658220977442	0.001307207624686166	0.0001419468198157761	4.177406081467773e-06	4.362297534865663e-06	4.271040211843595e-06	1.572345585836311e-05	0.001084711821272868	0.005402845903550095	0.01176711429201905	0.01758860300010371	0.02067943032084566	0.0197677046859572	0.0193863916163709	0.01763337544666338	0.01367018676144465	0.009612871111891479	
0.1325273325244783	0.009853734551044336	0.008134693429196116	0.007425960566317562	0.00725734694932874	0.007476706625771539	0.006904739414615896	0.004665294038538398	0.002927504966476285	0.005097638306818838	0.009596960450194378	0.01342433814521981	0.01619965454198281	0.0175837474101102	0.01748181596230967	0.01524402864594114	0.01135869153263729	0.006811139749327726	0.003001736027057123	0.0003491124487360979	0	4.362297534865663e-06	1.281312063553078e-05	0.0001808197423711758	0.002082507631225794	0.008486717497935992	0.01480593300773928	0.02003526206122776	0.02174912979947414	0.02083242458729712	0.02045986848031709	0.01743636458937696	0.01338020183694296	0.009853734551044336	
0.1387044405700359	0.01025920676578647	0.007984218153036366	0.007429483318009363	0.007264479477043068	0.00736800723213299	0.00646393255284589	0.003420836798051297	0.002285355103054383	0.004216811046610111	0.008578448952490639	0.01185023135561484	0.01574533554859567	0.01790920258897303	0.01789758924017433	0.01650401539926315	0.01263043826132851	0.009177669634909262	0.004222488121010077	0.0005102412712296814	4.595146689614551e-05	8.28836531624476e-05	0.0003203280158882696	0.001257876468669049	0.005107184825159752	0.01254492253897334	0.01917406874695919	0.02343654243232796	0.02376658301616744	0.02325134130914945	0.02175855028075549	0.0175086621516839	0.01314784212179739	0.01025920676578647	
0.1448815486155933	0.01086755577916087	0.008077512824255411	0.007374880666786441	0.007316190302971946	0.007212204767917736	0.006036090598775002	0.002365794662661169	0.001780947355351378	0.003407725373205713	0.007162369586467938	0.01018514796392249	0.0148015811178881	0.01754478446616183	0.01825293035555867	0.0175777207434698	0.01443558869521032	0.01144494793944413	0.00633546129212978	0.001630470227613644	0.0005263531662649394	0.001273790880180774	0.002477203322869285	0.005027575010711605	0.01072543579688076	0.01868231266087125	0.02528626842101065	0.02767223254103693	0.02721315473630838	0.02582689280233485	0.02292398582710267	0.0179261805740065	0.01308649915699895	0.01086755577916087	
0.1510586566611509	0.01171564270159862	0.008161778978904872	0.007299141505412708	0.007412479427115374	0.007060025616823768	0.005476747438041632	0.001418719137176313	0.001206698534889496	0.002459142169904006	0.004983943586349077	0.009768348182266334	0.01385343713168886	0.01646298978712481	0.0186058541844438	0.01870058368174856	0.01695662304921632	0.01288719747652855	0.008140652773839248	0.004948956690874354	0.003258376743544863	0.0050689897355139	0.007922779592969867	0.01250014740739867	0.01973341121007948	0.02561495313486475	0.03047592208075335	0.03184192413942657	0.02989596102870859	0.0272425539002058	0.02266875356574483	0.01799667069725577	0.01277234882212213	0.01171564270159862	
0.1572357647067085	0.01262957313427208	0.008351377826866157	0.007337891774022524	0.007476672176544326	0.007031039111853488	0.00463217630792767	0.0009016159002615822	0.0009059939160665508	0.002094455770315324	0.004102736455539002	0.009349432665677913	0.01298649992208539	0.01511303837620785	0.01877022966639029	0.01929306205240717	0.01850630118219105	0.01432014217788985	0.01132913274728011	0.01066902988939657	0.008797617207571131	0.01138123426846451	0.01500843530441839	0.02019677905006741	0.0270969356891049	0.03024379583313098	0.03342434723887561	0.03311710964238235	0.03019975568063908	0.02603111282065517	0.02085397711917845	0.01631394493456167	0.01137819053124866	0.01262957313427208	
0.163412872752266	0.01351423978461856	0.008900612584849246	0.007695451070740377	0.007856479277332292	0.007117998626764327	0.00410061509226384	0.0008428972176815212	0.000917634094859697	0.0019808649245418	0.003625245149774472	0.007627224430814409	0.01130530016877841	0.01496864628981096	0.01819008090657913	0.02006406010680134	0.0204546284000977	0.01911523418720709	0.01896142700040807	0.01772033407375864	0.01656759251910119	0.01645022400397841	0.01962115873320947	0.02443031953993168	0.02824422703852813	0.03096619882472925	0.03258156024597682	0.03150486031886709	0.0274805796059655	0.02298367429484612	0.01799762784133561	0.01346722841872579	0.009370602592390869	0.01351423978461856	
0.1695899807978235	0.01419124613345242	0.01021877600400866	0.009236654935903532	0.0090939728357682	0.008096293169511269	0.004341391949533171	0.001805125951574134	0.001623804941643904	0.002425264198357516	0.003928544348285847	0.006683606651024333	0.01092340884100372	0.01492968334586259	0.01680739302902919	0.02136802997060893	0.0242614464224052	0.02555728211951751	0.0239066833583478	0.02258105355231508	0.02192720452162434	0.01891928440871238	0.02125696713434557	0.02499636395083275	0.02717342177906645	0.03200427371181584	0.0322625241603369	0.03043709870548636	0.02538182922889643	0.02081061468242796	0.01652065879950755	0.01156760996911087	0.00798387981240206	0.01419124613345242	
0.175767088843381	0.01457083115613607	0.01223363995178772	0.0117342858853908	0.01159570693156875	0.01058007431415212	0.006412072922049418	0.004724012721118458	0.004432968090389868	0.004984047461045315	0.006262718585478116	0.008124422139896625	0.01289212447901463	0.01791607840261097	0.02018917684142842	0.02604317589104607	0.03097110355611828	0.03404019068710008	0.03218220676013086	0.02975128615327955	0.0304491129278186	0.0286995554818812	0.02896192367651141	0.03048385004540148	0.03298984125659692	0.03649045699577486	0.03560176852336806	0.03020610391936868	0.02516788933317074	0.0199025295524211	0.01547157913701468	0.009848735425263299	0.006771891538202726	0.01457083115613607	
0.1819441968889386	0.0145502902320027	0.01395357235829367	0.01389020992077331	0.01357320024036618	0.01210730079477373	0.008199378054856377	0.007442119479259993	0.007872640923764589	0.008965705528685674	0.01065850764498419	0.01274518723196283	0.01751871596722758	0.02384302975852142	0.02935794453294399	0.03355393881690608	0.03987894543280096	0.04398395846321333	0.04512287060027804	0.04269146515972853	0.04137720723693829	0.04233173527833639	0.03979328165374677	0.03996509392799443	0.04122252584882177	0.04165047836433394	0.03726873207083665	0.03058088117439635	0.0249560888364023	0.01980735905844658	0.01480722457436267	0.009521588955824382	0.00684996440249164	0.0145502902320027	
0.1881213049344962	0.01410964520196371	0.01492413788952406	0.01501572908630389	0.01424009158165585	0.01190439525998178	0.008099363052606039	0.007392871551934781	0.007595216662527936	0.0081546270334256	0.009326450354224773	0.01148209347740078	0.01519444633439195	0.02146858211555034	0.0284417929497422	0.03178685267210332	0.03637813269399753	0.03988052590931507	0.0412807868144941	0.03946505230932131	0.03842795854342205	0.03975361743523079	0.03942170115531637	0.0404053506920286	0.04266533163673279	0.03923740954786072	0.03472707792190528	0.02834871727181015	0.02327452125599834	0.01844126592618735	0.01266027084647029	0.008612447109814575	0.006411269260296788	0.01410964520196371	
0.1942984129800537	0.01330179598022556	0.01469842497528444	0.0145718623731369	0.01330929671493605	0.009929689608881465	0.006013865042719371	0.00510473708236337	0.004692932083436801	0.004342358823517689	0.004850737857273135	0.007013661300457634	0.01035496140483334	0.01538807092172574	0.02305607862949524	0.02509624539470961	0.02745344648978251	0.02976306786637015	0.03091303956896731	0.03038812864218276	0.02603777210578863	0.02829386181113869	0.03206696991052171	0.03487069422988479	0.03645605178803619	0.03344907969501238	0.02918382593391167	0.02434402194921886	0.01895721416025382	0.01426962594030431	0.009160210791820557	0.006456172314010003	0.005359144470117611	0.01330179598022556	
0.2004755210256112	0.01231132950146614	0.0133321094677539	0.0136260035438882	0.012699465595361	0.008871682177466254	0.005723080684324871	0.004606575355958336	0.003860659299726844	0.003136701600833797	0.003332192545807401	0.005079879572367656	0.007907784218231141	0.01206246905883863	0.01746731224331439	0.02203812559506561	0.02322832766708871	0.02656530598952276	0.0288242739464529	0.02942902850829238	0.02601688507538129	0.02747374987458395	0.03241719520789288	0.03292098570344776	0.03217978403109507	0.02955478121509397	0.02482100746278577	0.01961805719242337	0.01496723510496961	0.01031211956586393	0.006566600606551962	0.004655963012567123	0.003927808624820851	0.01231132950146614	
0.2066526290711688	0.01147900000028138	0.01173105252941416	0.01186110494629565	0.01125512873320958	0.007663307251517715	0.006213895047220046	0.006222286202435499	0.00592291097591259	0.005603815058160506	0.005975813938237626	0.007955163345315446	0.01053493317999153	0.01291965382570271	0.01597826375979907	0.0229410729809165	0.02513735145408657	0.02694370264226318	0.02980295055435286	0.03262475015441512	0.03449701942076087	0.03344573519981504	0.03456979947466205	0.03413169180454172	0.03202681185117198	0.02747256082754601	0.02125843783980666	0.01560157642156077	0.01083605571850644	0.007032702960991993	0.004325811488454494	0.002872020662643307	0.002334750417782768	0.01147900000028138	
0.2128297371167263	0.01078117134479179	0.009988548831484242	0.01018075238930633	0.009233057126197595	0.005880637195845509	0.005287830211568772	0.005911645430076467	0.006749363670225975	0.00803505772208505	0.009984281723969039	0.01191581913851505	0.01481913933985475	0.01678615302810833	0.01932620556120932	0.02613890383739703	0.02984534099937395	0.03303837004091026	0.03549864091905688	0.03915430386594082	0.04340324918645017	0.03792581476812208	0.03381809639737758	0.0333730350593757	0.02850845171294075	0.02345381477344471	0.01740341847165763	0.01221679567804041	0.008392862109319008	0.005093604146261188	0.002953938083656127	0.001614043078502501	0.001027959379804037	0.01078117134479179	
0.2190068451622839	0.01032645718863406	0.008670385412324828	0.008230909327894205	0.006604720663467728	0.003300838253490609	0.003150472570885633	0.003742842476716148	0.004910215420908865	0.007054589369092529	0.009271118743685537	0.01188408311453108	0.01451845478867582	0.01877555510735437	0.02160087215696892	0.02600178002235377	0.03334615373817739	0.03722554611631665	0.04121853883236618	0.04343572686362747	0.04349932952632393	0.03914289578034959	0.03164413692954919	0.02696572679709273	0.02289715402212534	0.01909511437035598	0.0139312424062765	0.009951632520294542	0.006576512394607859	0.003850439568719045	0.002197624838603129	0.0008567261133372735	0.0004145297318197112	0.01032645718863406	
0.2251839532078412	0.01000905770339525	0.007869856943154955	0.007049026135294801	0.004620094826955962	0.001576141207758963	0.001361315308407372	0.002110084270780258	0.003738437422398808	0.005834982393418905	0.007865285972207137	0.009302886497168089	0.01187155282720295	0.01612149104310677	0.01845114784849415	0.02081436022684936	0.02700987919809771	0.03181323333736543	0.03525656543300388	0.03549437775501513	0.03514869476946984	0.03342828600967557	0.02674952484677643	0.02283831963427242	0.01992810307543615	0.01592321888203584	0.01174052795154905	0.008176744010635189	0.005434073351432649	0.003069248430678209	0.001420667807705012	0.0003253390303812431	5.576633163493872e-05	0.01000905770339525	
0.2313610612533988	0.009752718225511771	0.007437992900576471	0.006335668917704998	0.003042023070160892	0.0004529141401606215	0.0003796865826170222	0.001236880636283221	0.00285572386391855	0.004348337289084717	0.006170499234579387	0.007635687370543469	0.01013767840799601	0.01259419864683988	0.01616439482023849	0.01722844310137848	0.02094592128645744	0.02605043841284315	0.02779026579888369	0.02890344163492045	0.02750821904646529	0.02746066298197935	0.0248062015503876	0.02018105559420905	0.01805071723092541	0.01365584478655723	0.009690721101312567	0.006727133873264003	0.004437113437350911	0.002529948964822606	0.0007131489655586583	0.0001120612215757615	3.717755442329248e-06	0.009752718225511771	
0.2375381692989564	0.009518607966895909	0.007349212487642218	0.005951688983298634	0.002173637820941458	0.0002753717972176578	0.0005056314002655954	0.001750195571096013	0.002977945741246585	0.004412107588466344	0.005447089659751582	0.006886717204521749	0.007306415115873291	0.009117328883917931	0.01198732374959813	0.01185215465496543	0.01235812163288911	0.01626175123211533	0.01943174508759674	0.02088536451559688	0.01993040441468275	0.0211658676391682	0.02216242765925641	0.01904896677240691	0.01627415395954581	0.01146435335826332	0.007760552783191052	0.005678228977117374	0.003493638497200597	0.001715051610165795	0.0003077800798726842	1.084463434604144e-05	0	0.009518607966895909	
0.2437152773445139	0.009309540752771408	0.007230337019476015	0.005405662471069402	0.00152457779893761	0.0004456675139180515	0.001268708824842245	0.002502173538330988	0.003808278495157686	0.005105609594241542	0.0064041215901895	0.006876138529860425	0.006939887232319419	0.007432754542620877	0.008840016727622574	0.009603841536614645	0.008556918386425718	0.01006473064051388	0.01308936735300831	0.01495045288708322	0.01550235396832691	0.0165418322522106	0.01871142716808679	0.01818417670019693	0.01381269251896507	0.009394274197464912	0.006721026870814313	0.004723607667141227	0.002588672738280908	0.0009576530956185884	9.19586824009849e-05	0	0	0.009309540752771408	
0.2498923853900714	0.009096534183333657	0.007088890259885849	0.004734578273781216	0.001175083940935538	0.0008895233712754606	0.001989187266978936	0.003110196025692265	0.004921855599702011	0.005964515814037835	0.006908254041769218	0.006838055301079659	0.006990367120473545	0.006176772584755863	0.006255937459963693	0.008224841660802252	0.007464844484746058	0.007192638013975863	0.008818464134787631	0.01078028550492786	0.01241107346804076	0.01248925784232039	0.01405599333717727	0.01473287813928623	0.01135470771883713	0.008174080909135059	0.005774553150082551	0.003497921046924941	0.001786398129309552	0.0004183536297629858	3.565744827793292e-05	0	0	0.009096534183333657	
0.256069493435629	0.008885497291552531	0.006918853197825332	0.003975425284197993	0.001121589983078078	0.00156708292495575	0.002652249689305248	0.004252369109427	0.005781288800595977	0.006683924503936819	0.006799640139599604	0.007110985107341812	0.006103676911157592	0.004824529235959589	0.004206078508630921	0.006155048226187026	0.006911789064101089	0.005846538446030402	0.007054771307830105	0.009076923667138545	0.01093644912128263	0.01047823867874732	0.01078437653490508	0.01112041415582731	0.008778517143314072	0.006483415084260114	0.004376111641360901	0.002437230702507	0.001189505820234863	0.0001586174899575302	9.383539020508662e-06	0	0	0.008885497291552531	
0.2622466014811865	0.008672772104637155	0.006661540475592158	0.003397694006742547	0.001513879007366118	0.002199351064619978	0.003600540081012152	0.00543242521418113	0.006357477650856717	0.006817443568267102	0.007156221629741355	0.006237186580316472	0.005127000814262543	0.003323309925007793	0.002540568110673045	0.003588504367264147	0.005850596429564041	0.006134988353447286	0.006712407406126585	0.008950322449465014	0.01067744994423163	0.01104969965581473	0.009225446857582165	0.008156542726525863	0.006470027882656431	0.004671336991889661	0.003017549643344242	0.001852672468250002	0.0006589348788351401	6.741243323195033e-05	0	0	0	0.008672772104637155	
0.2684237095267441	0.00846060968276653	0.006502036682862822	0.003031327830795191	0.00201493907929766	0.002905897123270547	0.004819241404729228	0.006114319592530226	0.006700862925254532	0.00719807254270119	0.00649634094108823	0.005555919932127224	0.003715758723692845	0.002340068574781349	0.001687265976450795	0.001943018586745043	0.003969646521786734	0.005455735345659139	0.006674366972603971	0.008117823533248166	0.01025553193000338	0.01117620628432583	0.01015226258355222	0.007417540301182797	0.005002885611575822	0.003311519595939974	0.002328963425171415	0.00131997020638677	0.000288818859229688	2.974077936703691e-05	0	0	0	0.00846060968276653	
0.2746008175723015	0.008282494546103259	0.006232685938536869	0.003066555347713206	0.002592673824158228	0.004123330332022298	0.005760123277750922	0.006504514709029986	0.006962766948100323	0.006839364608679536	0.005713501117903465	0.004231469864529492	0.002620564628522893	0.001723537285245421	0.001085361638146715	0.000566605952725918	0.0019764010971272	0.004438406639930772	0.005325660693165864	0.006617790923843613	0.008196070731839771	0.01003764662772589	0.009165652294616354	0.005860918171204849	0.003716528644040691	0.002661963964839007	0.001810529786006546	0.000763697047980917	9.199415516204878e-05	1.982718624469127e-06	0	0	0	0.008282494546103259	
0.2807779256178591	0.008068081064053635	0.006043087090575583	0.003184567529388556	0.00342361330287744	0.005288225500515416	0.006123140693326221	0.006843567747153565	0.007083048795629501	0.006086077947234063	0.004723680084923776	0.003006459338748204	0.001823860306786033	0.001246814206347751	0.0004665362943481424	6.209380303845677e-05	0.0007439577993447557	0.002940328088507597	0.004378108076329859	0.005689381994237726	0.00726033176959099	0.008807478722893773	0.007683601341106626	0.004945026867455198	0.003278471946988186	0.002179350201544364	0.001068770886893732	0.0002592798619688299	3.209098435885422e-05	0	0	0	0	0.008068081064053635	
0.2869550336634167	0.007837628778228646	0.005730098516163302	0.00354564957779821	0.004625444222741708	0.006098035983122608	0.006428742089091141	0.007133372857951931	0.006347777501862429	0.005175358359190197	0.003420313258888408	0.002033221269906421	0.001402462979586372	0.0006990410531912943	9.427417346931376e-05	5.174483586538064e-06	0.000176865439089508	0.001101072227236495	0.002929113381241225	0.004488588626606972	0.0059110296052769	0.006334056020624943	0.005577978516667735	0.004489046647562668	0.002604003699145442	0.001323393715701034	0.0003828433027679039	6.835559997360059e-05	0	0	0	0	0	0.007837628778228646	
0.2931321417089742	0.007547242015137817	0.00570752722473934	0.004310086694919136	0.005561588485247258	0.006261085073580431	0.007058466177334008	0.006656046793107563	0.005498044449962752	0.004013543217331174	0.002412048355728974	0.001536023560824206	0.0008844954315701221	0.0002085663470177304	9.669145996852693e-06	2.587241793269032e-06	1.684432753233409e-05	0.0002295192811704243	0.001092797908467801	0.002083165490809902	0.002656830267813504	0.002604291628314801	0.002682213253037777	0.001992948030047524	0.001272450405723941	0.0004279782429216648	8.241765545697931e-05	7.071268962786269e-06	0	0	0	0	0	0.007547242015137817	
0.2993092497545318	0.00725291589673374	0.005951297172118135	0.005204865624636716	0.00613397383432208	0.0067629139408784	0.006943634137713249	0.005754430892845981	0.004570710206108766	0.002909519909286749	0.001661997635085979	0.001081140550387285	0.0004367607714204821	1.833550303452575e-05	2.417286499213173e-06	0	0	1.860967144625062e-05	0.0001383288491731393	0.0004220040589117666	0.0004469824507170517	0.0004885773239049543	0.0004271040211843594	0.0004009481243882593	0.0002225049889790498	6.070613374775387e-05	1.063453618799733e-05	0	0	0	0	0	0	0.00725291589673374	
0.3054863578000893	0.006940018531852924	0.006301904565570354	0.00601333713790516	0.00637469664468065	0.006958572849427788	0.006312057919799081	0.004936157638827066	0.003391172088403278	0.002016735717943966	0.001305416144944228	0.0006177946002213059	9.6570220816589e-05	4.583875758631438e-06	0	0	0	0	6.916442458656966e-06	3.069120428449212e-05	2.506443648880664e-05	8.724595069731326e-06	1.708416084737438e-05	1.179259189377233e-05	1.390656181119061e-05	3.035306687387694e-06	0	0	0	0	0	0	0	0.006940018531852924	
0.3116634658456467	0.006555368623766524	0.006556207782280332	0.006303964152478784	0.006916768750969578	0.006810017011455104	0.005224857802744486	0.003918998524456332	0.002467717904147008	0.001444795845364995	0.0008197275635442561	0.0002433095172104458	1.097388872915784e-05	0	0	0	0	0	0	0	0	0	0	0	0	0	0	0	0	0	0	0	0	0.006555368623766524	
0.3178405738912043	0.006081239073564928	0.006625426409313817	0.006758399120721178	0.006806214571397494	0.00581541755966238	0.004358061116574894	0.002979499603175355	0.001724686491184505	0.001036267364951445	0.0004365049275873164	3.385175891623594e-05	0	0	0	0	0	0	0	0	0	0	0	0	0	0	0	0	0	0	0	0	0	0.006081239073564928	
0.3240176819367618	0.005512564995845387	0.006480970144200457	0.006980332477304672	0.006449588185681094	0.004782773320096163	0.00343940479960883	0.002127131630238985	0.001268779488452943	0.0006177747752595152	0.0001147618588961958	2.115734932264746e-06	0	0	0	0	0	0	0	0	0	0	0	0	0	0	0	0	0	0	0	0	0	0.005512564995845387	
0.3301947899823193	0.004907311190217117	0.006682607014254523	0.006832376906249009	0.005351178917674582	0.003860640130729137	0.002665214597004366	0.001519109142877708	0.0008380928731065309	0.0002949376346400266	1.02465945443032e-05	0	0	0	0	0	0	0	0	0	0	0	0	0	0	0	0	0	0	0	0	0	0	0.004907311190217117	
0.3363718980278769	0.004311061625304843	0.006691635530824108	0.006069701164973984	0.004393637072026048	0.003078004496531584	0.001870650968015573	0.001068301192746917	0.0004578470325304197	5.38061901032481e-05	0	0	0	0	0	0	0	0	0	0	0	0	0	0	0	0	0	0	0	0	0	0	0	0.004311061625304843	
0.3425490060734344	0.003675981272304841	0.006232685938536869	0.004919522737600795	0.00344144462216326	0.002487404457762133	0.001331681233666531	0.0006781060762471564	0.0001668425627017631	3.985643711351711e-06	0	0	0	0	0	0	0	0	0	0	0	0	0	0	0	0	0	0	0	0	0	0	0	0.003675981272304841	
0.348726114118992	0.003017264787425353	0.00523052059931293	0.004028266559575016	0.002856577349588364	0.001721073732610362	0.000903839279595643	0.0003390530381235782	2.522038738515024e-05	0	0	0	0	0	0	0	0	0	0	0	0	0	0	0	0	0	0	0	0	0	0	0	0	0.003017264787425353	
0.3549032221645495	0.002377963696589728	0.004168165149625091	0.003244454308149181	0.00224674623001332	0.001235549774358175	0.0005260048266499234	7.576604203878843e-05	1.940029798857711e-06	0	0	0	0	0	0	0	0	0	0	0	0	0	0	0	0	0	0	0	0	0	0	0	0	0.002377963696589728	
0.361080330210107	0.001815480034362434	0.003254780223335405	0.00274774631960517	0.00161373439536671	0.0007772006645156265	0.0002444811166119363	5.682453152909132e-06	0	0	0	0	0	0	0	0	0	0	0	0	0	0	0	0	0	0	0	0	0	0	0	0	0	0.001815480034362434	
0.3672574382556646	0.001369488736398321	0.002701031207067523	0.002164730914612022	0.001142987566221062	0.0004039994130232744	4.445111211126114e-05	0	0	0	0	0	0	0	0	0	0	0	0	0	0	0	0	0	0	0	0	0	0	0	0	0	0	0.001369488736398321	
0.3734345463012222	0.001032392474593269	0.002314309747336964	0.00155001074439266	0.000691855188289816	0.0001594257773365388	3.704259342605094e-06	0	0	0	0	0	0	0	0	0	0	0	0	0	0	0	0	0	0	0	0	0	0	0	0	0	0	0.001032392474593269	
0.3796116543467796	0.0007659232259043001	0.001871912435427297	0.001049780004156847	0.00032987940678767	2.173987872770983e-05	0	0	0	0	0	0	0	0	0	0	0	0	0	0	0	0	0	0	0	0	0	0	0	0	0	0	0	0.0007659232259043001	
0.3857887623923372	0.0005394102953925581	0.001193268939946822	0.0003469910416424477	2.1397583142984e-05	0	0	0	0	0	0	0	0	0	0	0	0	0	0	0	0	0	0	0	0	0	0	0	0	0	0	0	0	0.0005394102953925581	
