1.27958984375e-07 2.666666666666667
2.2633203125e-07 2.666666666666667
3.54203125e-07 2.666666666666667
3.54328125e-07 4
4.52703125e-07 4
5.80705078125e-07 4
6.79078125e-07 4
8.069550781250001e-07 4
8.070800781250001e-07 5.333333333333333
9.054492187500001e-07 5.333333333333333
1.03332421875e-06 5.333333333333333
1.03344921875e-06 6.666666666666666
1.1318203125e-06 6.666666666666666
1.259822265625e-06 6.666666666666666
1.358197265625e-06 6.666666666666666
1.486068359375e-06 6.666666666666666
1.486193359375e-06 8
1.5845625e-06 8
1.71244140625e-06 8
1.71256640625e-06 9.333333333333332
1.810943359375e-06 9.333333333333332
1.938935546875e-06 9.333333333333332
2.037318359375e-06 9.333333333333332
2.165189453125e-06 9.333333333333332
2.165314453125e-06 10.66666666666667
2.26368359375e-06 10.66666666666667
2.39155859375e-06 10.66666666666667
2.39168359375e-06 12
2.490060546875e-06 12
2.61805859375e-06 12
2.71643359375e-06 12
2.844302734375001e-06 12
2.844427734375e-06 13.33333333333333
2.94280078125e-06 13.33333333333333
3.070685546875e-06 13.33333333333333
3.070810546875e-06 14.66666666666667
3.169177734375e-06 14.66666666666667
3.29719140625e-06 14.66666666666667
3.3955625e-06 14.66666666666667
3.52342578125e-06 14.66666666666667
3.52355078125e-06 16
3.621919921875e-06 16
3.7496875e-06 16
3.7498125e-06 17.33333333333333
3.848298828125001e-06 17.33333333333333
3.976173828125e-06 17.33333333333333
3.976298828125e-06 18.66666666666666
4.074673828125001e-06 18.66666666666666
4.202548828125e-06 18.66666666666666
4.202673828125e-06 20
4.300923828125e-06 20
4.52741015625e-06 20
4.753789062500001e-06 20
4.98005078125e-06 20
5.206419921875001e-06 20
5.432804687500001e-06 20
5.560808593750001e-06 20
5.659181640625e-06 20
5.885533203125e-06 20
6.013537109375e-06 20
6.111919921875001e-06 20
6.338294921875001e-06 20
6.564660156250001e-06 20
6.791056640625001e-06 20
7.017435546875e-06 20
7.243794921875001e-06 20
7.47017578125e-06 20
7.598171875e-06 20
7.696548828125001e-06 20
7.922935546875e-06 20
8.149291015625e-06 20
8.277306640625e-06 20
8.3756796875e-06 20
8.602042968750001e-06 20
8.7300625e-06 20
8.828421875000001e-06 20
9.054802734375001e-06 20
9.281169921875e-06 20
9.40915625e-06 20
9.507552734375001e-06 20
9.733916015625e-06 20
9.861919921875001e-06 20
9.960291015625e-06 20
1.0186662109375e-05 20
1.04130546875e-05 20
1.0639419921875e-05 20
1.0865796875e-05 20
1.0993787109375e-05 20
1.109216796875e-05 20
1.1318544921875e-05 20
1.1446546875e-05 20
1.154491015625e-05 20
1.1771185546875e-05 20
1.1997556640625e-05 20
1.21255546875e-05 20
1.2223921875e-05 20
1.2450298828125e-05 20
1.2578287109375e-05 20
1.26766796875e-05 20
1.29030390625e-05 20
1.3031048828125e-05 20
1.31294296875e-05 20
1.33557890625e-05 20
1.3483802734375e-05 20
1.3582177734375e-05 20
1.3808552734375e-05 20
1.393655078125e-05 20
1.4034919921875e-05 20
1.4261310546875e-05 20
1.4487662109375e-05 20
1.4615673828125e-05 20
1.4714048828125e-05 20
1.494043359375e-05 20
1.5068427734375e-05 20
1.5166810546875e-05 20
1.539317578125e-05 20
1.5521162109375e-05 20
1.561954296875e-05 20
1.584591015625e-05 20
1.597391796875e-05 20
1.607230859375e-05 20
1.629866015625e-05 20
1.6426666015625e-05 20
1.652504296875e-05 20
1.67514375e-05 20
1.6879431640625e-05 20
1.6977802734375e-05 20
1.720418359375e-05 20
1.733216796875e-05 20
1.743054296875e-05 20
1.765692578125e-05 20
1.7883296875e-05 20
1.8109662109375e-05 20
