
#
#Feature symbol names
#
$0 r7
$1 r5
$2 r8
$3 r6
$4 r1
$5 r4

#
#Layer features
#
L 1.4700000000 0.4202800000 1.9700000000 0.4202800000 0 P 12
L 1.4700000000 0.2952800000 1.4700000000 0.5452800000 0 P 12
L 1.5950000000 0.2952800000 1.5950000000 0.5452800000 0 P 12
L 1.7200000000 0.2952800000 1.7200000000 0.5452800000 0 P 12
L 1.8450000000 0.2952800000 1.8450000000 0.5452800000 0 P 12
L 1.9700000000 0.2952800000 1.9700000000 0.5452800000 0 P 12
L 1.4700000000 0.5452800000 1.9700000000 0.5452800000 0 P 12
L 1.4700000000 0.2952800000 1.4700000000 0.5452800000 0 P 12
L 1.4700000000 0.2952800000 1.9700000000 0.2952800000 0 P 12
L 0.41853 0.33128 0.41853 1.3862800000 0 P 12
L 0.0440000000 0.33128 0.41853 0.33128 0 P 12
L 0.0435300000 1.3862800000 0.41853 1.3862800000 0 P 12
L 0.0440000000 0.33128 0.0440000000 1.3862800000 0 P 12
L 2.8960000000 0.1702800000 2.8960000000 1.6702800000 1 P 16
L 2.8959400000 0 2.8959400000 1.7325700000 1 P 16
L 2.895 0 2.895 1.73028 1 P 16
L 2.995 1.5702800000 2.995 1.6702800000 1 P 16
L 2.895 1.5702800000 2.995 1.5702800000 1 P 16
L 2.895 1.6702800000 3.095 1.6702800000 1 P 16
L 2.895 0.1702800000 3.095 0.1702800000 1 P 16
L 3.095 0.1702800000 3.095 1.6702800000 1 P 16
L 3.3150000000 0.0002800000 3.3150000000 1.73028 1 P 16
L 3.145 1.70266 3.14881 1.70456 1 P 16
L 3.14881 1.70456 3.15452 1.71028 1 P 16
L 3.15452 1.71028 3.15452 1.6702800000 1 P 16
L 2.935 1.71266 2.93881 1.71456 1 P 16
L 2.93881 1.71456 2.9445200000 1.72028 1 P 16
L 2.9445200000 1.72028 2.9445200000 1.6802800000 1 P 16
L 0.4700000000 0.2452800000 0.4700000000 0.2452800000 1 P 16
A 0.4700000000 0.2452800000 0.5700000000 0.2452800000 0.52 0.2452800000 1 P 16 N
L 0.5700000000 1.47028 0.5700000000 1.47028 1 P 16
A 0.5700000000 1.47028 0.4700000000 1.47028 0.52 1.47028 1 P 16 N
L 0.6200000000 1.6852800000 0.8200000000 1.6852800000 1 P 16
L 0.8200000000 1.6852800000 0.8650000000 1.73028 1 P 16
L 0.8650000000 1.73028 3.3200000000 1.73028 1 P 16
L 0.5750000000 1.73028 0.6200000000 1.6852800000 1 P 16
L 0 0 3.3155 0 1 P 16
L 0 0 0 1.7300000000 1 P 16
L 0.5700000000 0.2452800000 0.5700000000 1.47028 1 P 16
L 0.4700000000 0.2452800000 0.4700000000 1.47028 1 P 16
L 3.3200000000 0.0002800000 3.3200000000 1.73028 1 P 16
L 3.3155 0 3.3200000000 0.0002800000 1 P 16
L 0 1.7300000000 0.5750000000 1.73028 1 P 16
L 1.5503300000 0.5021300000 1.54557 0.5068900000 2 P 17
L 1.54557 0.5068900000 1.5384200000 0.50927 2 P 17
L 1.5384200000 0.50927 1.5289000000 0.50927 2 P 17
L 1.5289000000 0.50927 1.52176 0.5068900000 2 P 17
L 1.52176 0.5068900000 1.5170000000 0.5021300000 2 P 17
L 1.5170000000 0.5021300000 1.5170000000 0.4973700000 2 P 17
L 1.5170000000 0.4973700000 1.5193800000 0.4926100000 2 P 17
L 1.5193800000 0.4926100000 1.52176 0.4902300000 2 P 17
L 1.52176 0.4902300000 1.52652 0.48785 2 P 17
L 1.52652 0.48785 1.5408000000 0.48309 2 P 17
L 1.5408000000 0.48309 1.54557 0.48071 2 P 17
L 1.54557 0.48071 1.5479500000 0.4783300000 2 P 17
L 1.5479500000 0.4783300000 1.5503300000 0.4735700000 2 P 17
L 1.5503300000 0.4735700000 1.5503300000 0.46643 2 P 17
L 1.5503300000 0.46643 1.54557 0.46166 2 P 17
L 1.54557 0.46166 1.5384200000 0.45928 2 P 17
L 1.5384200000 0.45928 1.5289000000 0.45928 2 P 17
L 1.5289000000 0.45928 1.52176 0.46166 2 P 17
L 1.52176 0.46166 1.5170000000 0.46643 2 P 17
L 1.5517100000 0.3723700000 1.54933 0.37713 2 P 17
L 1.54933 0.37713 1.5445600000 0.38189 2 P 17
L 1.5445600000 0.38189 1.5398 0.38427 2 P 17
L 1.5398 0.38427 1.53028 0.38427 2 P 17
L 1.53028 0.38427 1.5255200000 0.38189 2 P 17
L 1.5255200000 0.38189 1.5207600000 0.37713 2 P 17
L 1.5207600000 0.37713 1.51838 0.3723700000 2 P 17
L 1.51838 0.3723700000 1.516 0.3652300000 2 P 17
L 1.516 0.3652300000 1.516 0.3533300000 2 P 17
L 1.516 0.3533300000 1.51838 0.3461900000 2 P 17
L 1.51838 0.3461900000 1.5207600000 0.34143 2 P 17
L 1.5207600000 0.34143 1.5255200000 0.33666 2 P 17
L 1.5255200000 0.33666 1.53028 0.33428 2 P 17
L 1.53028 0.33428 1.5398 0.33428 2 P 17
L 1.5398 0.33428 1.5445600000 0.33666 2 P 17
L 1.5445600000 0.33666 1.54933 0.34143 2 P 17
L 1.54933 0.34143 1.5517100000 0.3461900000 2 P 17
L 3.3214200000 0.15628 3.3214200000 0.15628 3 P 42
A 3.3214200000 0.15628 3.1245600000 0.15628 3.2229900000 0.1562800000 3 P 42 N
L 3.1245600000 0.15628 3.1245600000 0.15628 3 P 42
A 3.1245600000 0.15628 3.3214200000 0.15628 3.2229900000 0.15628 3 P 42 N
L 0.1944900000 1.57528 0.1944900000 1.57528 3 P 42
A 0.1944900000 1.57528 -0.00237 1.57528 0.09606 1.57528 3 P 42 N
L -0.00237 1.57528 -0.00237 1.57528 3 P 42
A -0.00237 1.57528 0.1944900000 1.57528 0.09606 1.57528 3 P 42 N
L 0.1944900000 0.1575700000 0.1944900000 0.1575700000 3 P 42
A 0.1944900000 0.1575700000 -0.00237 0.1575700000 0.09606 0.1575700000 3 P 42 N
L -0.00237 0.1575700000 -0.00237 0.1575700000 3 P 42
A -0.00237 0.1575700000 0.1944900000 0.1575700000 0.09606 0.1575700000 3 P 42 N
L 3.2230000000 0.0569400000 3.2230000000 0.15628 3 P 42
L 3.2230000000 0.15628 3.2230000000 0.25306 3 P 42
L 3.12494 0.1550000000 3.3201400000 0.1550000000 3 P 42
L 0.09606 1.47594 0.09606 1.57528 3 P 42
L 0.09606 1.57528 0.09606 1.67206 3 P 42
L -0.002 1.574 0.1932 1.574 3 P 42
L 0.09606 0.05822 0.09606 0.1575700000 3 P 42
L 0.09606 0.1575700000 0.09606 0.25435 3 P 42
L -0.002 0.15628 0.1932 0.15628 3 P 42
L 3.1790000000 0.96328 3.1790000000 1.0172800000 4 P 43
L 3.212 1.0472800000 3.212 1.0622800000 4 P 43
L 3.212 1.10528 3.212 1.1182800000 4 P 43
L 3.212 1.16528 3.212 1.17928 4 P 43
L 3.2110000000 0.8742800000 3.2110000000 0.8862800000 4 P 43
L 3.2110000000 0.9032800000 3.2110000000 0.9162800000 4 P 43
L 3.2110000000 0.9332800000 3.2110000000 0.94628 4 P 43
L 3.2110000000 0.96328 3.2110000000 1.00428 4 P 43
L 3.2110000000 1.0432800000 3.2110000000 1.0662800000 4 P 43
L 3.2110000000 1.10128 3.2110000000 1.1222800000 4 P 43
L 3.2110000000 1.1602800000 3.2110000000 1.18328 4 P 43
L 3.266 1.054 3.266 1.0610000000 4 P 43
L 3.266 1.0790000000 3.266 1.0870000000 4 P 43
L 3.266 1.0990000000 3.266 1.1090000000 4 P 43
L 3.266 1.129 3.266 1.1360000000 4 P 43
L 3.266 1.1500000000 3.266 1.157 4 P 43
L 3.266 1.175 3.266 1.187 4 P 43
L 3.2100000000 0.8742800000 3.2100000000 0.8862800000 4 P 43
L 3.2100000000 0.9032800000 3.2100000000 0.9162800000 4 P 43
L 3.2100000000 0.9332800000 3.2100000000 0.94628 4 P 43
L 3.2100000000 0.96328 3.2100000000 1.0092800000 4 P 43
L 3.2100000000 1.04028 3.2100000000 1.06928 4 P 43
L 3.2100000000 1.09928 3.2100000000 1.1242800000 4 P 43
L 3.2100000000 1.1582800000 3.2100000000 1.18628 4 P 43
L 3.265 1.054 3.265 1.0610000000 4 P 43
L 3.265 1.0790000000 3.265 1.086 4 P 43
L 3.265 1.096 3.265 1.112 4 P 43
L 3.265 1.1280000000 3.265 1.1360000000 4 P 43
L 3.265 1.1500000000 3.265 1.157 4 P 43
L 3.265 1.1720000000 3.265 1.1900000000 4 P 43
L 3.209 0.8742800000 3.209 0.8862800000 4 P 43
L 3.209 0.9032800000 3.209 0.9162800000 4 P 43
L 3.209 0.9332800000 3.209 0.94628 4 P 43
L 3.209 0.96328 3.209 1.0112800000 4 P 43
L 3.209 1.03828 3.209 1.07128 4 P 43
L 3.209 1.09728 3.209 1.1262800000 4 P 43
L 3.209 1.1562800000 3.209 1.18828 4 P 43
L 3.2640000000 1.054 3.2640000000 1.0610000000 4 P 43
L 3.2640000000 1.078 3.2640000000 1.086 4 P 43
L 3.2640000000 1.0950000000 3.2640000000 1.114 4 P 43
L 3.2640000000 1.1280000000 3.2640000000 1.137 4 P 43
L 3.2640000000 1.1500000000 3.2640000000 1.157 4 P 43
L 3.2640000000 1.1700000000 3.2640000000 1.1920000000 4 P 43
L 3.208 0.8742800000 3.208 0.8862800000 4 P 43
L 3.208 0.9022800000 3.208 0.9172800000 4 P 43
L 3.208 0.9332800000 3.208 0.94628 4 P 43
L 3.208 0.96328 3.208 1.0132800000 4 P 43
L 3.208 1.0372800000 3.208 1.0722800000 4 P 43
L 3.208 1.0962800000 3.208 1.1282800000 4 P 43
L 3.208 1.1542800000 3.208 1.19028 4 P 43
L 3.2630000000 1.054 3.2630000000 1.0610000000 4 P 43
L 3.2630000000 1.078 3.2630000000 1.0850000000 4 P 43
L 3.2630000000 1.094 3.2630000000 1.102 4 P 43
L 3.2630000000 1.1070000000 3.2630000000 1.1150000000 4 P 43
L 3.2630000000 1.1280000000 3.2630000000 1.137 4 P 43
L 3.2630000000 1.1500000000 3.2630000000 1.157 4 P 43
L 3.2630000000 1.1680000000 3.2630000000 1.193 4 P 43
L 3.2070000000 0.8742800000 3.2070000000 0.8862800000 4 P 43
L 3.2070000000 0.9022800000 3.2070000000 0.9172800000 4 P 43
L 3.2070000000 0.9332800000 3.2070000000 0.94628 4 P 43
L 3.2070000000 0.96328 3.2070000000 1.0152800000 4 P 43
L 3.2070000000 1.0352800000 3.2070000000 1.0742800000 4 P 43
L 3.2070000000 1.0942800000 3.2070000000 1.12928 4 P 43
L 3.2070000000 1.15328 3.2070000000 1.1912800000 4 P 43
L 3.262 1.054 3.262 1.0610000000 4 P 43
L 3.262 1.078 3.262 1.0850000000 4 P 43
L 3.262 1.0930000000 3.262 1.1 4 P 43
L 3.262 1.1090000000 3.262 1.116 4 P 43
L 3.262 1.127 3.262 1.1380000000 4 P 43
L 3.262 1.1500000000 3.262 1.157 4 P 43
L 3.262 1.167 3.262 1.179 4 P 43
L 3.262 1.183 3.262 1.1940000000 4 P 43
L 3.2060000000 0.8742800000 3.2060000000 0.8862800000 4 P 43
L 3.2060000000 0.9022800000 3.2060000000 0.9172800000 4 P 43
L 3.2060000000 0.9332800000 3.2060000000 0.94628 4 P 43
L 3.2060000000 0.96328 3.2060000000 1.01628 4 P 43
L 3.2060000000 1.03428 3.2060000000 1.07528 4 P 43
L 3.2060000000 1.09328 3.2060000000 1.1302800000 4 P 43
L 3.2060000000 1.1522800000 3.2060000000 1.19228 4 P 43
L 3.261 1.054 3.261 1.0610000000 4 P 43
L 3.261 1.078 3.261 1.0850000000 4 P 43
L 3.261 1.092 3.261 1.0990000000 4 P 43
L 3.261 1.11 3.261 1.116 4 P 43
L 3.261 1.127 3.261 1.1380000000 4 P 43
L 3.261 1.1660000000 3.261 1.1760000000 4 P 43
L 3.261 1.1860000000 3.261 1.195 4 P 43
L 3.205 0.8742800000 3.205 0.8862800000 4 P 43
L 3.205 0.9012800000 3.205 0.9182800000 4 P 43
L 3.205 0.9332800000 3.205 0.94628 4 P 43
L 3.205 0.96328 3.205 1.0172800000 4 P 43
L 3.205 1.0332800000 3.205 1.0762800000 4 P 43
L 3.205 1.09328 3.205 1.13128 4 P 43
L 3.205 1.15128 3.205 1.1932800000 4 P 43
L 3.2600000000 1.054 3.2600000000 1.0610000000 4 P 43
L 3.2600000000 1.078 3.2600000000 1.0850000000 4 P 43
L 3.2600000000 1.0910000000 3.2600000000 1.098 4 P 43
L 3.2600000000 1.11 3.2600000000 1.1170000000 4 P 43
L 3.2600000000 1.1260000000 3.2600000000 1.1380000000 4 P 43
L 3.2600000000 1.165 3.2600000000 1.1740000000 4 P 43
L 3.2600000000 1.1880000000 3.2600000000 1.1960000000 4 P 43
L 3.204 0.8742800000 3.204 0.8862800000 4 P 43
L 3.204 0.9012800000 3.204 0.9182800000 4 P 43
L 3.204 0.9332800000 3.204 0.94628 4 P 43
L 3.204 0.96328 3.204 1.01828 4 P 43
L 3.204 1.03228 3.204 1.07728 4 P 43
L 3.204 1.0922800000 3.204 1.11128 4 P 43
L 3.204 1.11328 3.204 1.1322800000 4 P 43
L 3.204 1.1502800000 3.204 1.1702800000 4 P 43
L 3.204 1.17528 3.204 1.19428 4 P 43
L 3.2590000000 1.054 3.2590000000 1.0610000000 4 P 43
L 3.2590000000 1.078 3.2590000000 1.0850000000 4 P 43
L 3.2590000000 1.0910000000 3.2590000000 1.098 4 P 43
L 3.2590000000 1.1110000000 3.2590000000 1.1170000000 4 P 43
L 3.2590000000 1.1260000000 3.2590000000 1.1320000000 4 P 43
L 3.2590000000 1.133 3.2590000000 1.139 4 P 43
L 3.2590000000 1.165 3.2590000000 1.173 4 P 43
L 3.2590000000 1.189 3.2590000000 1.1960000000 4 P 43
L 3.2030000000 0.8742800000 3.2030000000 0.8862800000 4 P 43
L 3.2030000000 0.9012800000 3.2030000000 0.9182800000 4 P 43
L 3.2030000000 0.9332800000 3.2030000000 0.94628 4 P 43
L 3.2030000000 0.96328 3.2030000000 1.0192800000 4 P 43
L 3.2030000000 1.03228 3.2030000000 1.0492800000 4 P 43
L 3.2030000000 1.0602800000 3.2030000000 1.0782800000 4 P 43
L 3.2030000000 1.09128 3.2030000000 1.10728 4 P 43
L 3.2030000000 1.1182800000 3.2030000000 1.13328 4 P 43
L 3.2030000000 1.14928 3.2030000000 1.1662800000 4 P 43
L 3.2030000000 1.17928 3.2030000000 1.1952800000 4 P 43
L 3.258 1.054 3.258 1.0610000000 4 P 43
L 3.258 1.078 3.258 1.0850000000 4 P 43
L 3.258 1.0910000000 3.258 1.0970000000 4 P 43
L 3.258 1.1260000000 3.258 1.1320000000 4 P 43
L 3.258 1.133 3.258 1.139 4 P 43
L 3.258 1.1640000000 3.258 1.1720000000 4 P 43
L 3.258 1.1900000000 3.258 1.197 4 P 43
L 3.2020000000 0.8742800000 3.2020000000 0.8862800000 4 P 43
L 3.2020000000 0.9002800000 3.2020000000 0.9192800000 4 P 43
L 3.2020000000 0.9332800000 3.2020000000 0.94628 4 P 43
L 3.2020000000 0.96328 3.2020000000 0.97528 4 P 43
L 3.2020000000 1.00028 3.2020000000 1.0192800000 4 P 43
L 3.2020000000 1.0312800000 3.2020000000 1.04628 4 P 43
L 3.2020000000 1.06328 3.2020000000 1.0782800000 4 P 43
L 3.2020000000 1.09128 3.2020000000 1.10528 4 P 43
L 3.2020000000 1.11928 3.2020000000 1.13328 4 P 43
L 3.2020000000 1.14928 3.2020000000 1.16328 4 P 43
L 3.2020000000 1.18128 3.2020000000 1.19628 4 P 43
L 3.257 1.054 3.257 1.0610000000 4 P 43
L 3.257 1.078 3.257 1.0850000000 4 P 43
L 3.257 1.09 3.257 1.0970000000 4 P 43
L 3.257 1.125 3.257 1.1320000000 4 P 43
L 3.257 1.133 3.257 1.1400000000 4 P 43
L 3.257 1.163 3.257 1.171 4 P 43
L 3.257 1.1900000000 3.257 1.197 4 P 43
L 3.201 0.8742800000 3.201 0.8862800000 4 P 43
L 3.201 0.9002800000 3.201 0.9192800000 4 P 43
L 3.201 0.9332800000 3.201 0.94628 4 P 43
L 3.201 0.96328 3.201 0.97528 4 P 43
L 3.201 1.00428 3.201 1.02028 4 P 43
L 3.201 1.03028 3.201 1.0452800000 4 P 43
L 3.201 1.0642800000 3.201 1.07928 4 P 43
L 3.201 1.0902800000 3.201 1.1042800000 4 P 43
L 3.201 1.12128 3.201 1.1342800000 4 P 43
L 3.201 1.1482800000 3.201 1.1622800000 4 P 43
L 3.201 1.1822800000 3.201 1.19628 4 P 43
L 3.2560000000 1.054 3.2560000000 1.0610000000 4 P 43
L 3.2560000000 1.078 3.2560000000 1.0850000000 4 P 43
L 3.2560000000 1.09 3.2560000000 1.0970000000 4 P 43
L 3.2560000000 1.125 3.2560000000 1.131 4 P 43
L 3.2560000000 1.1340000000 3.2560000000 1.1400000000 4 P 43
L 3.2560000000 1.163 3.2560000000 1.171 4 P 43
L 3.2560000000 1.191 3.2560000000 1.1980000000 4 P 43
L 3.2 0.8742800000 3.2 0.8862800000 4 P 43
L 3.2 0.9002800000 3.2 0.9202800000 4 P 43
L 3.2 0.9332800000 3.2 0.94628 4 P 43
L 3.2 0.96328 3.2 0.97528 4 P 43
L 3.2 1.00628 3.2 1.0212800000 4 P 43
L 3.2 1.03028 3.2 1.0432800000 4 P 43
L 3.2 1.0662800000 3.2 1.0802800000 4 P 43
L 3.2 1.0902800000 3.2 1.10328 4 P 43
L 3.2 1.1222800000 3.2 1.13528 4 P 43
L 3.2 1.1482800000 3.2 1.16128 4 P 43
L 3.2 1.1842800000 3.2 1.1972800000 4 P 43
L 3.2550000000 1.054 3.2550000000 1.0610000000 4 P 43
L 3.2550000000 1.078 3.2550000000 1.0850000000 4 P 43
L 3.2550000000 1.09 3.2550000000 1.118 4 P 43
L 3.2550000000 1.124 3.2550000000 1.131 4 P 43
L 3.2550000000 1.1340000000 3.2550000000 1.141 4 P 43
L 3.2550000000 1.163 3.2550000000 1.1700000000 4 P 43
L 3.2550000000 1.191 3.2550000000 1.1980000000 4 P 43
L 3.1990000000 0.8742800000 3.1990000000 0.8862800000 4 P 43
L 3.1990000000 0.8992800000 3.1990000000 0.9202800000 4 P 43
L 3.1990000000 0.9332800000 3.1990000000 0.94628 4 P 43
L 3.1990000000 0.96328 3.1990000000 0.97528 4 P 43
L 3.1990000000 1.0072800000 3.1990000000 1.0212800000 4 P 43
L 3.1990000000 1.0292800000 3.1990000000 1.0432800000 4 P 43
L 3.1990000000 1.06728 3.1990000000 1.0802800000 4 P 43
L 3.1990000000 1.0902800000 3.1990000000 1.1022800000 4 P 43
L 3.1990000000 1.1222800000 3.1990000000 1.13528 4 P 43
L 3.1990000000 1.14728 3.1990000000 1.1602800000 4 P 43
L 3.1990000000 1.1842800000 3.1990000000 1.1972800000 4 P 43
L 3.254 1.054 3.254 1.0610000000 4 P 43
L 3.254 1.078 3.254 1.0850000000 4 P 43
L 3.254 1.09 3.254 1.118 4 P 43
L 3.254 1.124 3.254 1.131 4 P 43
L 3.254 1.135 3.254 1.141 4 P 43
L 3.254 1.163 3.254 1.1700000000 4 P 43
L 3.254 1.191 3.254 1.1980000000 4 P 43
L 3.1980000000 0.8742800000 3.1980000000 0.8862800000 4 P 43
L 3.1980000000 0.8992800000 3.1980000000 0.9202800000 4 P 43
L 3.1980000000 0.9332800000 3.1980000000 0.94628 4 P 43
L 3.1980000000 0.96328 3.1980000000 0.97528 4 P 43
L 3.1980000000 1.00828 3.1980000000 1.0212800000 4 P 43
L 3.1980000000 1.0292800000 3.1980000000 1.04228 4 P 43
L 3.1980000000 1.06728 3.1980000000 1.0802800000 4 P 43
L 3.1980000000 1.08928 3.1980000000 1.10128 4 P 43
L 3.1980000000 1.12328 3.1980000000 1.1362800000 4 P 43
L 3.1980000000 1.14728 3.1980000000 1.15928 4 P 43
L 3.1980000000 1.1852800000 3.1980000000 1.19828 4 P 43
L 3.253 1.054 3.253 1.0610000000 4 P 43
L 3.253 1.0770000000 3.253 1.0850000000 4 P 43
L 3.253 1.09 3.253 1.118 4 P 43
L 3.253 1.1230000000 3.253 1.1300000000 4 P 43
L 3.253 1.135 3.253 1.141 4 P 43
L 3.253 1.1620000000 3.253 1.1700000000 4 P 43
L 3.197 0.8742800000 3.197 0.8862800000 4 P 43
L 3.197 0.8992800000 3.197 0.9092800000 4 P 43
L 3.197 0.9102800000 3.197 0.9212800000 4 P 43
L 3.197 0.9332800000 3.197 0.94628 4 P 43
L 3.197 0.96328 3.197 0.97528 4 P 43
L 3.197 1.0092800000 3.197 1.02228 4 P 43
L 3.197 1.0292800000 3.197 1.0412800000 4 P 43
L 3.197 1.0682800000 3.197 1.08128 4 P 43
L 3.197 1.08928 3.197 1.10128 4 P 43
L 3.197 1.1242800000 3.197 1.1362800000 4 P 43
L 3.197 1.14728 3.197 1.15928 4 P 43
L 3.197 1.18628 3.197 1.19828 4 P 43
L 3.2520000000 1.054 3.2520000000 1.0610000000 4 P 43
L 3.2520000000 1.0750000000 3.2520000000 1.084 4 P 43
L 3.2520000000 1.09 3.2520000000 1.118 4 P 43
L 3.2520000000 1.1230000000 3.2520000000 1.1300000000 4 P 43
L 3.2520000000 1.135 3.2520000000 1.1420000000 4 P 43
L 3.2520000000 1.1620000000 3.2520000000 1.1700000000 4 P 43
L 3.196 0.8742800000 3.196 0.8862800000 4 P 43
L 3.196 0.8982800000 3.196 0.9092800000 4 P 43
L 3.196 0.9102800000 3.196 0.9212800000 4 P 43
L 3.196 0.9332800000 3.196 0.94628 4 P 43
L 3.196 0.96328 3.196 0.97528 4 P 43
L 3.196 1.0092800000 3.196 1.02228 4 P 43
L 3.196 1.0292800000 3.196 1.0412800000 4 P 43
L 3.196 1.06928 3.196 1.08128 4 P 43
L 3.196 1.08928 3.196 1.10128 4 P 43
L 3.196 1.1242800000 3.196 1.13728 4 P 43
L 3.196 1.1462800000 3.196 1.1582800000 4 P 43
L 3.196 1.18628 3.196 1.1992800000 4 P 43
L 3.2510000000 1.054 3.2510000000 1.084 4 P 43
L 3.2510000000 1.09 3.2510000000 1.0970000000 4 P 43
L 3.2510000000 1.1110000000 3.2510000000 1.118 4 P 43
L 3.2510000000 1.1230000000 3.2510000000 1.129 4 P 43
L 3.2510000000 1.1360000000 3.2510000000 1.1420000000 4 P 43
L 3.2510000000 1.1620000000 3.2510000000 1.169 4 P 43
L 3.1950000000 0.8742800000 3.1950000000 0.8862800000 4 P 43
L 3.1950000000 0.8982800000 3.1950000000 0.9092800000 4 P 43
L 3.1950000000 0.9112800000 3.1950000000 0.9212800000 4 P 43
L 3.1950000000 0.9332800000 3.1950000000 0.94628 4 P 43
L 3.1950000000 0.96328 3.1950000000 0.97528 4 P 43
L 3.1950000000 1.0092800000 3.1950000000 1.02228 4 P 43
L 3.1950000000 1.02828 3.1950000000 1.04028 4 P 43
L 3.1950000000 1.06928 3.1950000000 1.08128 4 P 43
L 3.1950000000 1.08928 3.1950000000 1.1002800000 4 P 43
L 3.1950000000 1.12528 3.1950000000 1.13728 4 P 43
L 3.1950000000 1.1462800000 3.1950000000 1.1582800000 4 P 43
L 3.1950000000 1.1872800000 3.1950000000 1.1992800000 4 P 43
L 3.25 1.054 3.25 1.082 4 P 43
L 3.25 1.0910000000 3.25 1.0970000000 4 P 43
L 3.25 1.1110000000 3.25 1.1170000000 4 P 43
L 3.25 1.122 3.25 1.129 4 P 43
L 3.25 1.1360000000 3.25 1.143 4 P 43
L 3.25 1.1620000000 3.25 1.169 4 P 43
L 3.1940000000 0.8742800000 3.1940000000 0.8862800000 4 P 43
L 3.1940000000 0.8972800000 3.1940000000 0.9082800000 4 P 43
L 3.1940000000 0.9112800000 3.1940000000 0.9222800000 4 P 43
L 3.1940000000 0.9332800000 3.1940000000 0.94628 4 P 43
L 3.1940000000 0.96328 3.1940000000 0.97528 4 P 43
L 3.1940000000 1.0092800000 3.1940000000 1.02228 4 P 43
L 3.1940000000 1.02828 3.1940000000 1.04028 4 P 43
L 3.1940000000 1.06928 3.1940000000 1.08128 4 P 43
L 3.1940000000 1.12528 3.1940000000 1.1382800000 4 P 43
L 3.1940000000 1.1462800000 3.1940000000 1.1582800000 4 P 43
L 3.1940000000 1.1872800000 3.1940000000 1.1992800000 4 P 43
L 3.249 1.054 3.249 1.0810000000 4 P 43
L 3.249 1.0910000000 3.249 1.098 4 P 43
L 3.249 1.1110000000 3.249 1.1170000000 4 P 43
L 3.249 1.122 3.249 1.129 4 P 43
L 3.249 1.137 3.249 1.143 4 P 43
L 3.249 1.1620000000 3.249 1.169 4 P 43
L 3.193 0.8742800000 3.193 0.8862800000 4 P 43
L 3.193 0.8972800000 3.193 0.9082800000 4 P 43
L 3.193 0.9112800000 3.193 0.9222800000 4 P 43
L 3.193 0.9332800000 3.193 0.94628 4 P 43
L 3.193 0.96328 3.193 0.97528 4 P 43
L 3.193 1.0092800000 3.193 1.02228 4 P 43
L 3.193 1.02828 3.193 1.04028 4 P 43
L 3.193 1.06928 3.193 1.08128 4 P 43
L 3.193 1.1262800000 3.193 1.1382800000 4 P 43
L 3.193 1.1872800000 3.193 1.1992800000 4 P 43
L 3.248 1.054 3.248 1.0830000000 4 P 43
L 3.248 1.092 3.248 1.098 4 P 43
L 3.248 1.11 3.248 1.1170000000 4 P 43
L 3.248 1.1210000000 3.248 1.1280000000 4 P 43
L 3.248 1.137 3.248 1.1440000000 4 P 43
L 3.248 1.1620000000 3.248 1.169 4 P 43
L 3.192 0.8742800000 3.192 0.8862800000 4 P 43
L 3.192 0.8972800000 3.192 0.9082800000 4 P 43
L 3.192 0.9122800000 3.192 0.9222800000 4 P 43
L 3.192 0.9332800000 3.192 0.94628 4 P 43
L 3.192 0.96328 3.192 0.97528 4 P 43
L 3.192 1.01028 3.192 1.02228 4 P 43
L 3.192 1.02828 3.192 1.04028 4 P 43
L 3.192 1.06928 3.192 1.08128 4 P 43
L 3.192 1.1262800000 3.192 1.1382800000 4 P 43
L 3.192 1.1872800000 3.192 1.1992800000 4 P 43
L 3.2470000000 1.054 3.2470000000 1.0610000000 4 P 43
L 3.2470000000 1.0730000000 3.2470000000 1.084 4 P 43
L 3.2470000000 1.092 3.2470000000 1.0990000000 4 P 43
L 3.2470000000 1.11 3.2470000000 1.116 4 P 43
L 3.2470000000 1.1210000000 3.2470000000 1.1280000000 4 P 43
L 3.2470000000 1.137 3.2470000000 1.1440000000 4 P 43
L 3.2470000000 1.1620000000 3.2470000000 1.169 4 P 43
L 3.1910000000 0.8742800000 3.1910000000 0.8862800000 4 P 43
L 3.1910000000 0.8962800000 3.1910000000 0.9072800000 4 P 43
L 3.1910000000 0.9122800000 3.1910000000 0.9232800000 4 P 43
L 3.1910000000 0.9332800000 3.1910000000 0.94628 4 P 43
L 3.1910000000 0.96328 3.1910000000 0.97528 4 P 43
L 3.1910000000 1.01028 3.1910000000 1.02228 4 P 43
L 3.1910000000 1.02828 3.1910000000 1.04028 4 P 43
L 3.1910000000 1.06928 3.1910000000 1.08128 4 P 43
L 3.1910000000 1.12728 3.1910000000 1.1382800000 4 P 43
L 3.1910000000 1.1872800000 3.1910000000 1.1992800000 4 P 43
L 3.2460000000 1.054 3.2460000000 1.0610000000 4 P 43
L 3.2460000000 1.0770000000 3.2460000000 1.0850000000 4 P 43
L 3.2460000000 1.0930000000 3.2460000000 1.1 4 P 43
L 3.2460000000 1.1090000000 3.2460000000 1.116 4 P 43
L 3.2460000000 1.1210000000 3.2460000000 1.1280000000 4 P 43
L 3.2460000000 1.1380000000 3.2460000000 1.1440000000 4 P 43
L 3.2460000000 1.163 3.2460000000 1.1700000000 4 P 43
L 3.1900000000 0.8742800000 3.1900000000 0.8862800000 4 P 43
L 3.1900000000 0.8962800000 3.1900000000 0.9072800000 4 P 43
L 3.1900000000 0.9132800000 3.1900000000 0.9232800000 4 P 43
L 3.1900000000 0.9332800000 3.1900000000 0.94628 4 P 43
L 3.1900000000 0.96328 3.1900000000 0.97528 4 P 43
L 3.1900000000 1.0092800000 3.1900000000 1.02228 4 P 43
L 3.1900000000 1.02828 3.1900000000 1.04028 4 P 43
L 3.1900000000 1.06928 3.1900000000 1.08128 4 P 43
L 3.1900000000 1.12728 3.1900000000 1.13928 4 P 43
L 3.1900000000 1.1872800000 3.1900000000 1.1992800000 4 P 43
L 3.245 1.054 3.245 1.0610000000 4 P 43
L 3.245 1.078 3.245 1.0850000000 4 P 43
L 3.245 1.094 3.245 1.102 4 P 43
L 3.245 1.1070000000 3.245 1.1150000000 4 P 43
L 3.245 1.12 3.245 1.127 4 P 43
L 3.245 1.1380000000 3.245 1.145 4 P 43
L 3.245 1.163 3.245 1.1700000000 4 P 43
L 3.189 0.8742800000 3.189 0.8862800000 4 P 43
L 3.189 0.8962800000 3.189 0.9072800000 4 P 43
L 3.189 0.9132800000 3.189 0.9232800000 4 P 43
L 3.189 0.9332800000 3.189 0.94628 4 P 43
L 3.189 0.96328 3.189 0.97528 4 P 43
L 3.189 1.0092800000 3.189 1.02228 4 P 43
L 3.189 1.02828 3.189 1.0412800000 4 P 43
L 3.189 1.06928 3.189 1.08128 4 P 43
L 3.189 1.12728 3.189 1.13928 4 P 43
L 3.189 1.1872800000 3.189 1.1992800000 4 P 43
L 3.244 1.054 3.244 1.0610000000 4 P 43
L 3.244 1.078 3.244 1.086 4 P 43
L 3.244 1.0950000000 3.244 1.114 4 P 43
L 3.244 1.12 3.244 1.127 4 P 43
L 3.244 1.1380000000 3.244 1.145 4 P 43
L 3.244 1.163 3.244 1.1700000000 4 P 43
L 3.188 0.8742800000 3.188 0.8862800000 4 P 43
L 3.188 0.8952800000 3.188 0.9062800000 4 P 43
L 3.188 0.9132800000 3.188 0.9242800000 4 P 43
L 3.188 0.9332800000 3.188 0.94628 4 P 43
L 3.188 0.96328 3.188 0.97528 4 P 43
L 3.188 1.0092800000 3.188 1.02228 4 P 43
L 3.188 1.0292800000 3.188 1.0412800000 4 P 43
L 3.188 1.06928 3.188 1.08128 4 P 43
L 3.188 1.10528 3.188 1.1182800000 4 P 43
L 3.188 1.12728 3.188 1.13928 4 P 43
L 3.188 1.1872800000 3.188 1.1992800000 4 P 43
L 3.2430000000 1.054 3.2430000000 1.0610000000 4 P 43
L 3.2430000000 1.0790000000 3.2430000000 1.086 4 P 43
L 3.2430000000 1.0970000000 3.2430000000 1.112 4 P 43
L 3.2430000000 1.1190000000 3.2430000000 1.1260000000 4 P 43
L 3.2430000000 1.139 3.2430000000 1.1460000000 4 P 43
L 3.2430000000 1.163 3.2430000000 1.1700000000 4 P 43
L 3.1870000000 0.8742800000 3.1870000000 0.8862800000 4 P 43
L 3.1870000000 0.8952800000 3.1870000000 0.9062800000 4 P 43
L 3.1870000000 0.9142800000 3.1870000000 0.9242800000 4 P 43
L 3.1870000000 0.9332800000 3.1870000000 0.94628 4 P 43
L 3.1870000000 0.96328 3.1870000000 0.97528 4 P 43
L 3.1870000000 1.0092800000 3.1870000000 1.02228 4 P 43
L 3.1870000000 1.0292800000 3.1870000000 1.0412800000 4 P 43
L 3.1870000000 1.06928 3.1870000000 1.08128 4 P 43
L 3.1870000000 1.10128 3.1870000000 1.1222800000 4 P 43
L 3.1870000000 1.1282800000 3.1870000000 1.13928 4 P 43
L 3.1870000000 1.1872800000 3.1870000000 1.1992800000 4 P 43
L 3.2420000000 1.054 3.2420000000 1.0610000000 4 P 43
L 3.2420000000 1.0790000000 3.2420000000 1.086 4 P 43
L 3.2420000000 1.0990000000 3.2420000000 1.11 4 P 43
L 3.2420000000 1.1190000000 3.2420000000 1.1260000000 4 P 43
L 3.2420000000 1.139 3.2420000000 1.1460000000 4 P 43
L 3.2420000000 1.1640000000 3.2420000000 1.171 4 P 43
L 3.2420000000 1.191 3.2420000000 1.1980000000 4 P 43
L 3.1860000000 0.8742800000 3.1860000000 0.8862800000 4 P 43
L 3.1860000000 0.8952800000 3.1860000000 0.9062800000 4 P 43
L 3.1860000000 0.9142800000 3.1860000000 0.9242800000 4 P 43
L 3.1860000000 0.9332800000 3.1860000000 0.94628 4 P 43
L 3.1860000000 0.96328 3.1860000000 0.97528 4 P 43
L 3.1860000000 1.00828 3.1860000000 1.0212800000 4 P 43
L 3.1860000000 1.0292800000 3.1860000000 1.04228 4 P 43
L 3.1860000000 1.0682800000 3.1860000000 1.08128 4 P 43
L 3.1860000000 1.09928 3.1860000000 1.1242800000 4 P 43
L 3.1860000000 1.1282800000 3.1860000000 1.13928 4 P 43
L 3.1860000000 1.1872800000 3.1860000000 1.1992800000 4 P 43
L 3.241 1.054 3.241 1.0610000000 4 P 43
L 3.241 1.0790000000 3.241 1.086 4 P 43
L 3.241 1.1640000000 3.241 1.171 4 P 43
L 3.241 1.191 3.241 1.1980000000 4 P 43
L 3.185 0.8742800000 3.185 0.8862800000 4 P 43
L 3.185 0.8942800000 3.185 0.9052800000 4 P 43
L 3.185 0.9142800000 3.185 0.9252800000 4 P 43
L 3.185 0.9332800000 3.185 0.94628 4 P 43
L 3.185 0.96328 3.185 0.97528 4 P 43
L 3.185 1.00828 3.185 1.0212800000 4 P 43
L 3.185 1.0292800000 3.185 1.04228 4 P 43
L 3.185 1.06728 3.185 1.0802800000 4 P 43
L 3.185 1.09728 3.185 1.12528 4 P 43
L 3.185 1.1282800000 3.185 1.1402800000 4 P 43
L 3.185 1.18628 3.185 1.1992800000 4 P 43
L 3.24 1.054 3.24 1.0610000000 4 P 43
L 3.24 1.0790000000 3.24 1.086 4 P 43
L 3.24 1.165 3.24 1.1720000000 4 P 43
L 3.24 1.1900000000 3.24 1.1980000000 4 P 43
L 3.184 0.8742800000 3.184 0.8862800000 4 P 43
L 3.184 0.8942800000 3.184 0.9052800000 4 P 43
L 3.184 0.9152800000 3.184 0.9252800000 4 P 43
L 3.184 0.9332800000 3.184 0.94628 4 P 43
L 3.184 0.96328 3.184 0.97528 4 P 43
L 3.184 1.0072800000 3.184 1.0212800000 4 P 43
L 3.184 1.03028 3.184 1.0432800000 4 P 43
L 3.184 1.06728 3.184 1.0802800000 4 P 43
L 3.184 1.0962800000 3.184 1.12728 4 P 43
L 3.184 1.1282800000 3.184 1.1402800000 4 P 43
L 3.184 1.18628 3.184 1.1992800000 4 P 43
L 3.2390000000 1.054 3.2390000000 1.0610000000 4 P 43
L 3.2390000000 1.078 3.2390000000 1.086 4 P 43
L 3.2390000000 1.1660000000 3.2390000000 1.173 4 P 43
L 3.2390000000 1.1900000000 3.2390000000 1.197 4 P 43
L 3.1830000000 0.8742800000 3.1830000000 0.8862800000 4 P 43
L 3.1830000000 0.8942800000 3.1830000000 0.9042800000 4 P 43
L 3.1830000000 0.9152800000 3.1830000000 0.9262800000 4 P 43
L 3.1830000000 0.9332800000 3.1830000000 0.94628 4 P 43
L 3.1830000000 0.96328 3.1830000000 0.97528 4 P 43
L 3.1830000000 1.0052800000 3.1830000000 1.02028 4 P 43
L 3.1830000000 1.03028 3.1830000000 1.04428 4 P 43
L 3.1830000000 1.06528 3.1830000000 1.0802800000 4 P 43
L 3.1830000000 1.0942800000 3.1830000000 1.1402800000 4 P 43
L 3.1830000000 1.1852800000 3.1830000000 1.19828 4 P 43
L 3.2380000000 1.054 3.2380000000 1.0610000000 4 P 43
L 3.2380000000 1.0770000000 3.2380000000 1.0850000000 4 P 43
L 3.2380000000 1.1660000000 3.2380000000 1.1740000000 4 P 43
L 3.2380000000 1.189 3.2380000000 1.197 4 P 43
L 3.1820000000 0.8742800000 3.1820000000 0.8862800000 4 P 43
L 3.1820000000 0.8932800000 3.1820000000 0.9042800000 4 P 43
L 3.1820000000 0.9152800000 3.1820000000 0.9262800000 4 P 43
L 3.1820000000 0.9332800000 3.1820000000 0.94628 4 P 43
L 3.1820000000 0.96328 3.1820000000 0.97528 4 P 43
L 3.1820000000 1.00228 3.1820000000 1.0192800000 4 P 43
L 3.1820000000 1.0312800000 3.1820000000 1.04628 4 P 43
L 3.1820000000 1.0642800000 3.1820000000 1.07928 4 P 43
L 3.1820000000 1.09328 3.1820000000 1.1402800000 4 P 43
L 3.1820000000 1.1482800000 3.1820000000 1.15928 4 P 43
L 3.1820000000 1.1852800000 3.1820000000 1.19828 4 P 43
L 3.237 1.054 3.237 1.0610000000 4 P 43
L 3.237 1.0750000000 3.237 1.0850000000 4 P 43
L 3.237 1.167 3.237 1.175 4 P 43
L 3.237 1.187 3.237 1.1960000000 4 P 43
L 3.181 0.8742800000 3.181 0.8862800000 4 P 43
L 3.181 0.8932800000 3.181 0.9042800000 4 P 43
L 3.181 0.9162800000 3.181 0.9262800000 4 P 43
L 3.181 0.9332800000 3.181 0.94628 4 P 43
L 3.181 0.96328 3.181 0.97528 4 P 43
L 3.181 0.9982800000 3.181 1.0192800000 4 P 43
L 3.181 1.03228 3.181 1.04828 4 P 43
L 3.181 1.0622800000 3.181 1.0782800000 4 P 43
L 3.181 1.0922800000 3.181 1.1402800000 4 P 43
L 3.181 1.14928 3.181 1.1602800000 4 P 43
L 3.181 1.1842800000 3.181 1.19828 4 P 43
L 3.236 1.054 3.236 1.084 4 P 43
L 3.236 1.1680000000 3.236 1.1780000000 4 P 43
L 3.236 1.185 3.236 1.195 4 P 43
L 3.18 0.8742800000 3.18 0.8862800000 4 P 43
L 3.18 0.8932800000 3.18 0.9032800000 4 P 43
L 3.18 0.9162800000 3.18 0.9272800000 4 P 43
L 3.18 0.9332800000 3.18 0.94628 4 P 43
L 3.18 0.96328 3.18 1.01828 4 P 43
L 3.18 1.0332800000 3.18 1.0512800000 4 P 43
L 3.18 1.0592800000 3.18 1.07728 4 P 43
L 3.18 1.09128 3.18 1.1402800000 4 P 43
L 3.18 1.14928 3.18 1.1622800000 4 P 43
L 3.18 1.18328 3.18 1.1972800000 4 P 43
L 3.2350000000 1.054 3.2350000000 1.0830000000 4 P 43
L 3.2350000000 1.1700000000 3.2350000000 1.193 4 P 43
L 3.1790000000 0.8742800000 3.1790000000 0.8862800000 4 P 43
L 3.1790000000 0.8922800000 3.1790000000 0.9032800000 4 P 43
L 3.1790000000 0.9162800000 3.1790000000 0.9272800000 4 P 43
L 3.1790000000 0.9332800000 3.1790000000 0.94628 4 P 43
L 3.1790000000 1.03428 3.1790000000 1.0762800000 4 P 43
L 3.1790000000 1.09128 3.1790000000 1.1082800000 4 P 43
L 3.1790000000 1.1182800000 3.1790000000 1.1402800000 4 P 43
L 3.1790000000 1.14928 3.1790000000 1.16328 4 P 43
L 3.1790000000 1.18128 3.1790000000 1.1972800000 4 P 43
L 3.2340000000 1.054 3.2340000000 1.0810000000 4 P 43
L 3.2340000000 1.1720000000 3.2340000000 1.191 4 P 43
L 3.1780000000 0.8742800000 3.1780000000 0.8862800000 4 P 43
L 3.1780000000 0.8922800000 3.1780000000 0.9032800000 4 P 43
L 3.1780000000 0.9172800000 3.1780000000 0.9272800000 4 P 43
L 3.1780000000 0.9332800000 3.1780000000 0.94628 4 P 43
L 3.1780000000 0.96328 3.1780000000 1.01628 4 P 43
L 3.1780000000 1.0352800000 3.1780000000 1.07528 4 P 43
L 3.1780000000 1.0902800000 3.1780000000 1.10528 4 P 43
L 3.1780000000 1.1202800000 3.1780000000 1.1402800000 4 P 43
L 3.1780000000 1.14928 3.1780000000 1.16528 4 P 43
L 3.1780000000 1.17928 3.1780000000 1.19628 4 P 43
L 3.233 1.054 3.233 1.0790000000 4 P 43
L 3.233 1.175 3.233 1.1880000000 4 P 43
L 3.177 0.8742800000 3.177 0.8862800000 4 P 43
L 3.177 0.8922800000 3.177 0.9022800000 4 P 43
L 3.177 0.9172800000 3.177 0.9282800000 4 P 43
L 3.177 0.9332800000 3.177 0.94628 4 P 43
L 3.177 0.96328 3.177 1.0152800000 4 P 43
L 3.177 1.0372800000 3.177 1.0742800000 4 P 43
L 3.177 1.0902800000 3.177 1.1042800000 4 P 43
L 3.177 1.1222800000 3.177 1.1402800000 4 P 43
L 3.177 1.14928 3.177 1.1682800000 4 P 43
L 3.177 1.1762800000 3.177 1.1952800000 4 P 43
L 3.176 0.8742800000 3.176 0.8862800000 4 P 43
L 3.176 0.8912800000 3.176 0.9022800000 4 P 43
L 3.176 0.9172800000 3.176 0.9282800000 4 P 43
L 3.176 0.9332800000 3.176 0.94628 4 P 43
L 3.176 0.96328 3.176 1.0132800000 4 P 43
L 3.176 1.03828 3.176 1.0722800000 4 P 43
L 3.176 1.08928 3.176 1.10328 4 P 43
L 3.176 1.12328 3.176 1.1402800000 4 P 43
L 3.176 1.14928 3.176 1.1952800000 4 P 43
L 3.1750000000 0.8742800000 3.1750000000 0.8862800000 4 P 43
L 3.1750000000 0.8912800000 3.1750000000 0.9022800000 4 P 43
L 3.1750000000 0.9182800000 3.1750000000 0.9282800000 4 P 43
L 3.1750000000 0.9332800000 3.1750000000 0.94628 4 P 43
L 3.1750000000 0.96328 3.1750000000 1.0112800000 4 P 43
L 3.1750000000 1.04028 3.1750000000 1.06928 4 P 43
L 3.1750000000 1.08928 3.1750000000 1.1022800000 4 P 43
L 3.1750000000 1.1242800000 3.1750000000 1.1402800000 4 P 43
L 3.1750000000 1.1502800000 3.1750000000 1.19428 4 P 43
L 3.1740000000 0.8742800000 3.1740000000 0.8862800000 4 P 43
L 3.1740000000 0.8902800000 3.1740000000 0.9012800000 4 P 43
L 3.1740000000 0.9182800000 3.1740000000 0.9292800000 4 P 43
L 3.1740000000 0.9332800000 3.1740000000 0.94628 4 P 43
L 3.1740000000 0.96328 3.1740000000 1.0092800000 4 P 43
L 3.1740000000 1.03828 3.1740000000 1.07128 4 P 43
L 3.1740000000 1.0882800000 3.1740000000 1.10128 4 P 43
L 3.1740000000 1.12528 3.1740000000 1.1402800000 4 P 43
L 3.1740000000 1.1502800000 3.1740000000 1.1932800000 4 P 43
L 3.173 0.8742800000 3.173 0.8862800000 4 P 43
L 3.173 0.8902800000 3.173 0.9012800000 4 P 43
L 3.173 0.9182800000 3.173 0.9292800000 4 P 43
L 3.173 0.9332800000 3.173 0.94628 4 P 43
L 3.173 0.96328 3.173 1.0112800000 4 P 43
L 3.173 1.0372800000 3.173 1.07328 4 P 43
L 3.173 1.0882800000 3.173 1.10128 4 P 43
L 3.173 1.12528 3.173 1.1402800000 4 P 43
L 3.173 1.1502800000 3.173 1.1912800000 4 P 43
L 3.172 0.8742800000 3.172 0.8862800000 4 P 43
L 3.172 0.8902800000 3.172 0.9012800000 4 P 43
L 3.172 0.9192800000 3.172 0.9292800000 4 P 43
L 3.172 0.9332800000 3.172 0.94628 4 P 43
L 3.172 0.96328 3.172 1.0132800000 4 P 43
L 3.172 1.0352800000 3.172 1.0742800000 4 P 43
L 3.172 1.0882800000 3.172 1.1002800000 4 P 43
L 3.172 1.1262800000 3.172 1.1402800000 4 P 43
L 3.172 1.1502800000 3.172 1.19028 4 P 43
L 3.1710000000 0.8742800000 3.1710000000 0.8862800000 4 P 43
L 3.1710000000 0.8892800000 3.1710000000 0.9002800000 4 P 43
L 3.1710000000 0.9192800000 3.1710000000 0.9302800000 4 P 43
L 3.1710000000 0.9332800000 3.1710000000 0.94628 4 P 43
L 3.1710000000 0.96328 3.1710000000 0.97528 4 P 43
L 3.1710000000 0.9992800000 3.1710000000 1.01428 4 P 43
L 3.1710000000 1.03428 3.1710000000 1.0512800000 4 P 43
L 3.1710000000 1.0592800000 3.1710000000 1.07528 4 P 43
L 3.1710000000 1.0882800000 3.1710000000 1.1002800000 4 P 43
L 3.1710000000 1.1262800000 3.1710000000 1.1402800000 4 P 43
L 3.1710000000 1.1502800000 3.1710000000 1.1602800000 4 P 43
L 3.1710000000 1.16128 3.1710000000 1.18828 4 P 43
L 3.1700000000 0.8742800000 3.1700000000 0.8862800000 4 P 43
L 3.1700000000 0.8892800000 3.1700000000 0.9002800000 4 P 43
L 3.1700000000 0.9192800000 3.1700000000 0.9302800000 4 P 43
L 3.1700000000 0.9332800000 3.1700000000 0.94628 4 P 43
L 3.1700000000 0.96328 3.1700000000 0.97528 4 P 43
L 3.1700000000 1.00228 3.1700000000 1.0152800000 4 P 43
L 3.1700000000 1.0332800000 3.1700000000 1.04828 4 P 43
L 3.1700000000 1.0622800000 3.1700000000 1.0762800000 4 P 43
L 3.1700000000 1.0882800000 3.1700000000 1.1002800000 4 P 43
L 3.1700000000 1.1262800000 3.1700000000 1.1402800000 4 P 43
L 3.1700000000 1.1502800000 3.1700000000 1.16128 4 P 43
L 3.1700000000 1.16328 3.1700000000 1.18628 4 P 43
L 3.169 0.8742800000 3.169 0.8862800000 4 P 43
L 3.169 0.8892800000 3.169 0.9002800000 4 P 43
L 3.169 0.9202800000 3.169 0.9302800000 4 P 43
L 3.169 0.9332800000 3.169 0.94628 4 P 43
L 3.169 0.96328 3.169 0.97528 4 P 43
L 3.169 1.0032800000 3.169 1.01628 4 P 43
L 3.169 1.03228 3.169 1.04628 4 P 43
L 3.169 1.06328 3.169 1.07728 4 P 43
L 3.169 1.08728 3.169 1.09928 4 P 43
L 3.169 1.12728 3.169 1.1402800000 4 P 43
L 3.169 1.15128 3.169 1.16128 4 P 43
L 3.169 1.16528 3.169 1.18328 4 P 43
L 3.168 0.8742800000 3.168 0.8862800000 4 P 43
L 3.168 0.8882800000 3.168 0.8992800000 4 P 43
L 3.168 0.9202800000 3.168 0.9312800000 4 P 43
L 3.168 0.9332800000 3.168 0.94628 4 P 43
L 3.168 0.96328 3.168 0.97528 4 P 43
L 3.168 1.00428 3.168 1.0172800000 4 P 43
L 3.168 1.03228 3.168 1.0452800000 4 P 43
L 3.168 1.0642800000 3.168 1.07728 4 P 43
L 3.168 1.08728 3.168 1.09928 4 P 43
L 3.168 1.12728 3.168 1.1402800000 4 P 43
L 3.168 1.15128 3.168 1.16128 4 P 43
L 3.168 1.17128 3.168 1.17728 4 P 43
L 3.1670000000 0.8742800000 3.1670000000 0.8862800000 4 P 43
L 3.1670000000 0.8882800000 3.1670000000 0.8992800000 4 P 43
L 3.1670000000 0.9202800000 3.1670000000 0.9312800000 4 P 43
L 3.1670000000 0.9332800000 3.1670000000 0.94628 4 P 43
L 3.1670000000 0.96328 3.1670000000 0.97528 4 P 43
L 3.1670000000 1.0052800000 3.1670000000 1.0172800000 4 P 43
L 3.1670000000 1.03228 3.1670000000 1.04428 4 P 43
L 3.1670000000 1.06528 3.1670000000 1.0782800000 4 P 43
L 3.1670000000 1.08728 3.1670000000 1.09928 4 P 43
L 3.1670000000 1.12728 3.1670000000 1.1402800000 4 P 43
L 3.1670000000 1.15128 3.1670000000 1.16128 4 P 43
L 3.1660000000 0.8742800000 3.1660000000 0.8862800000 4 P 43
L 3.1660000000 0.8882800000 3.1660000000 0.8992800000 4 P 43
L 3.1660000000 0.9212800000 3.1660000000 0.9322800000 4 P 43
L 3.1660000000 0.9332800000 3.1660000000 0.94628 4 P 43
L 3.1660000000 0.96328 3.1660000000 0.97528 4 P 43
L 3.1660000000 1.0052800000 3.1660000000 1.01828 4 P 43
L 3.1660000000 1.0312800000 3.1660000000 1.04428 4 P 43
L 3.1660000000 1.0662800000 3.1660000000 1.0782800000 4 P 43
L 3.1660000000 1.08728 3.1660000000 1.09928 4 P 43
L 3.1660000000 1.12728 3.1660000000 1.13928 4 P 43
L 3.1660000000 1.15128 3.1660000000 1.16128 4 P 43
L 3.165 0.8742800000 3.165 0.8862800000 4 P 43
L 3.165 0.8872800000 3.165 0.8982800000 4 P 43
L 3.165 0.9212800000 3.165 0.9322800000 4 P 43
L 3.165 0.9332800000 3.165 0.94628 4 P 43
L 3.165 0.96328 3.165 0.97528 4 P 43
L 3.165 1.00628 3.165 1.01828 4 P 43
L 3.165 1.0312800000 3.165 1.0432800000 4 P 43
L 3.165 1.0662800000 3.165 1.0782800000 4 P 43
L 3.165 1.08728 3.165 1.09928 4 P 43
L 3.165 1.12728 3.165 1.13928 4 P 43
L 3.165 1.15128 3.165 1.1622800000 4 P 43
L 3.164 0.8742800000 3.164 0.8862800000 4 P 43
L 3.164 0.8872800000 3.164 0.8982800000 4 P 43
L 3.164 0.9222800000 3.164 0.9322800000 4 P 43
L 3.164 0.9332800000 3.164 0.94628 4 P 43
L 3.164 0.96328 3.164 0.97528 4 P 43
L 3.164 1.00628 3.164 1.01828 4 P 43
L 3.164 1.0312800000 3.164 1.0432800000 4 P 43
L 3.164 1.06728 3.164 1.07928 4 P 43
L 3.164 1.0882800000 3.164 1.09928 4 P 43
L 3.164 1.12728 3.164 1.13928 4 P 43
L 3.164 1.15128 3.164 1.1622800000 4 P 43
L 3.1630000000 0.8742800000 3.1630000000 0.8862800000 4 P 43
L 3.1630000000 0.8872800000 3.1630000000 0.8972800000 4 P 43
L 3.1630000000 0.9222800000 3.1630000000 0.94628 4 P 43
L 3.1630000000 0.96328 3.1630000000 0.97528 4 P 43
L 3.1630000000 1.00628 3.1630000000 1.0192800000 4 P 43
L 3.1630000000 1.0312800000 3.1630000000 1.0432800000 4 P 43
L 3.1630000000 1.06728 3.1630000000 1.07928 4 P 43
L 3.1630000000 1.0882800000 3.1630000000 1.1002800000 4 P 43
L 3.1630000000 1.1262800000 3.1630000000 1.13928 4 P 43
L 3.1630000000 1.1522800000 3.1630000000 1.1622800000 4 P 43
L 3.1620000000 0.8742800000 3.1620000000 0.8972800000 4 P 43
L 3.1620000000 0.9222800000 3.1620000000 0.94628 4 P 43
L 3.1620000000 0.96328 3.1620000000 0.97528 4 P 43
L 3.1620000000 1.00628 3.1620000000 1.0192800000 4 P 43
L 3.1620000000 1.0312800000 3.1620000000 1.0432800000 4 P 43
L 3.1620000000 1.06728 3.1620000000 1.07928 4 P 43
L 3.1620000000 1.0882800000 3.1620000000 1.1002800000 4 P 43
L 3.1620000000 1.1262800000 3.1620000000 1.13928 4 P 43
L 3.1620000000 1.1522800000 3.1620000000 1.1622800000 4 P 43
L 3.161 0.8742800000 3.161 0.8972800000 4 P 43
L 3.161 0.9232800000 3.161 0.94628 4 P 43
L 3.161 0.96328 3.161 0.97528 4 P 43
L 3.161 1.00628 3.161 1.0192800000 4 P 43
L 3.161 1.0312800000 3.161 1.0432800000 4 P 43
L 3.161 1.06728 3.161 1.07928 4 P 43
L 3.161 1.0882800000 3.161 1.1002800000 4 P 43
L 3.161 1.1262800000 3.161 1.1382800000 4 P 43
L 3.161 1.1522800000 3.161 1.1622800000 4 P 43
L 3.16 0.8742800000 3.16 0.8962800000 4 P 43
L 3.16 0.9232800000 3.16 0.94628 4 P 43
L 3.16 0.96328 3.16 0.97528 4 P 43
L 3.16 1.00628 3.16 1.0192800000 4 P 43
L 3.16 1.0312800000 3.16 1.0432800000 4 P 43
L 3.16 1.06728 3.16 1.07928 4 P 43
L 3.16 1.0882800000 3.16 1.10128 4 P 43
L 3.16 1.12528 3.16 1.1382800000 4 P 43
L 3.16 1.1522800000 3.16 1.1622800000 4 P 43
L 3.1590000000 0.8742800000 3.1590000000 0.8962800000 4 P 43
L 3.1590000000 0.9232800000 3.1590000000 0.94628 4 P 43
L 3.1590000000 0.96328 3.1590000000 0.97528 4 P 43
L 3.1590000000 1.00628 3.1590000000 1.0192800000 4 P 43
L 3.1590000000 1.0312800000 3.1590000000 1.0432800000 4 P 43
L 3.1590000000 1.06728 3.1590000000 1.07928 4 P 43
L 3.1590000000 1.08928 3.1590000000 1.10128 4 P 43
L 3.1590000000 1.12528 3.1590000000 1.1382800000 4 P 43
L 3.1590000000 1.1522800000 3.1590000000 1.16328 4 P 43
L 3.1580000000 0.8742800000 3.1580000000 0.8962800000 4 P 43
L 3.1580000000 0.9242800000 3.1580000000 0.94628 4 P 43
L 3.1580000000 0.96328 3.1580000000 0.97528 4 P 43
L 3.1580000000 1.0052800000 3.1580000000 1.0192800000 4 P 43
L 3.1580000000 1.0312800000 3.1580000000 1.04428 4 P 43
L 3.1580000000 1.0662800000 3.1580000000 1.07928 4 P 43
L 3.1580000000 1.08928 3.1580000000 1.1022800000 4 P 43
L 3.1580000000 1.1242800000 3.1580000000 1.13728 4 P 43
L 3.1580000000 1.1522800000 3.1580000000 1.16328 4 P 43
L 3.157 0.8742800000 3.157 0.8952800000 4 P 43
L 3.157 0.9242800000 3.157 0.94628 4 P 43
L 3.157 0.96328 3.157 0.97528 4 P 43
L 3.157 1.0052800000 3.157 1.01828 4 P 43
L 3.157 1.0312800000 3.157 1.04428 4 P 43
L 3.157 1.0662800000 3.157 1.0782800000 4 P 43
L 3.157 1.08928 3.157 1.10328 4 P 43
L 3.157 1.12328 3.157 1.13728 4 P 43
L 3.157 1.15328 3.157 1.16328 4 P 43
L 3.156 0.8742800000 3.156 0.8952800000 4 P 43
L 3.156 0.9242800000 3.156 0.94628 4 P 43
L 3.156 0.96328 3.156 0.97528 4 P 43
L 3.156 1.00428 3.156 1.01828 4 P 43
L 3.156 1.03228 3.156 1.0452800000 4 P 43
L 3.156 1.06528 3.156 1.0782800000 4 P 43
L 3.156 1.0902800000 3.156 1.1042800000 4 P 43
L 3.156 1.1222800000 3.156 1.1362800000 4 P 43
L 3.156 1.15328 3.156 1.16328 4 P 43
L 3.1550000000 0.8742800000 3.1550000000 0.8952800000 4 P 43
L 3.1550000000 0.9252800000 3.1550000000 0.94628 4 P 43
L 3.1550000000 0.96328 3.1550000000 0.97528 4 P 43
L 3.1550000000 1.0032800000 3.1550000000 1.01828 4 P 43
L 3.1550000000 1.03228 3.1550000000 1.04628 4 P 43
L 3.1550000000 1.06328 3.1550000000 1.0782800000 4 P 43
L 3.1550000000 1.0902800000 3.1550000000 1.10528 4 P 43
L 3.1550000000 1.12128 3.1550000000 1.1362800000 4 P 43
L 3.1550000000 1.15328 3.1550000000 1.16328 4 P 43
L 3.1540000000 0.8742800000 3.1540000000 0.8942800000 4 P 43
L 3.1540000000 0.9252800000 3.1540000000 0.94628 4 P 43
L 3.1540000000 0.96328 3.1540000000 0.97528 4 P 43
L 3.1540000000 1.0012800000 3.1540000000 1.0172800000 4 P 43
L 3.1540000000 1.03228 3.1540000000 1.04828 4 P 43
L 3.1540000000 1.0622800000 3.1540000000 1.07728 4 P 43
L 3.1540000000 1.09128 3.1540000000 1.10728 4 P 43
L 3.1540000000 1.11928 3.1540000000 1.13528 4 P 43
L 3.1540000000 1.15328 3.1540000000 1.1642800000 4 P 43
L 3.153 0.8742800000 3.153 0.8942800000 4 P 43
L 3.153 0.9252800000 3.153 0.94628 4 P 43
L 3.153 0.96328 3.153 0.97528 4 P 43
L 3.153 0.9982800000 3.153 1.0172800000 4 P 43
L 3.153 1.0332800000 3.153 1.0512800000 4 P 43
L 3.153 1.0592800000 3.153 1.07728 4 P 43
L 3.153 1.0922800000 3.153 1.10928 4 P 43
L 3.153 1.11728 3.153 1.1342800000 4 P 43
L 3.153 1.15328 3.153 1.1952800000 4 P 43
L 3.152 0.8742800000 3.152 0.8942800000 4 P 43
L 3.152 0.9262800000 3.152 0.94628 4 P 43
L 3.152 0.96328 3.152 1.01628 4 P 43
L 3.152 1.03428 3.152 1.0762800000 4 P 43
L 3.152 1.0922800000 3.152 1.1342800000 4 P 43
L 3.152 1.15328 3.152 1.1952800000 4 P 43
L 3.1510000000 0.8742800000 3.1510000000 0.8932800000 4 P 43
L 3.1510000000 0.9262800000 3.1510000000 0.94628 4 P 43
L 3.1510000000 0.96328 3.1510000000 1.0152800000 4 P 43
L 3.1510000000 1.03428 3.1510000000 1.07528 4 P 43
L 3.1510000000 1.09328 3.1510000000 1.13328 4 P 43
L 3.1510000000 1.1542800000 3.1510000000 1.1952800000 4 P 43
L 3.1500000000 0.8742800000 3.1500000000 0.8932800000 4 P 43
L 3.1500000000 0.9262800000 3.1500000000 0.94628 4 P 43
L 3.1500000000 0.96328 3.1500000000 1.0152800000 4 P 43
L 3.1500000000 1.0352800000 3.1500000000 1.0742800000 4 P 43
L 3.1500000000 1.0942800000 3.1500000000 1.1322800000 4 P 43
L 3.1500000000 1.1542800000 3.1500000000 1.1952800000 4 P 43
L 3.149 0.8742800000 3.149 0.8932800000 4 P 43
L 3.149 0.9272800000 3.149 0.94628 4 P 43
L 3.149 0.96328 3.149 1.01428 4 P 43
L 3.149 1.03628 3.149 1.07328 4 P 43
L 3.149 1.09528 3.149 1.13128 4 P 43
L 3.149 1.1542800000 3.149 1.1952800000 4 P 43
L 3.148 0.8742800000 3.148 0.8922800000 4 P 43
L 3.148 0.9272800000 3.148 0.94628 4 P 43
L 3.148 0.96328 3.148 1.01228 4 P 43
L 3.148 1.03828 3.148 1.0722800000 4 P 43
L 3.148 1.09728 3.148 1.1302800000 4 P 43
L 3.148 1.1542800000 3.148 1.1952800000 4 P 43
L 3.1470000000 0.8742800000 3.1470000000 0.8922800000 4 P 43
L 3.1470000000 0.9272800000 3.1470000000 0.94628 4 P 43
L 3.1470000000 0.96328 3.1470000000 1.0112800000 4 P 43
L 3.1470000000 1.0392800000 3.1470000000 1.07128 4 P 43
L 3.1470000000 1.0982800000 3.1470000000 1.1282800000 4 P 43
L 3.1470000000 1.1542800000 3.1470000000 1.1952800000 4 P 43
L 3.1460000000 0.8742800000 3.1460000000 0.8912800000 4 P 43
L 3.1460000000 0.9282800000 3.1460000000 0.94628 4 P 43
L 3.1460000000 0.96328 3.1460000000 1.0092800000 4 P 43
L 3.1460000000 1.0412800000 3.1460000000 1.06928 4 P 43
L 3.1460000000 1.1002800000 3.1460000000 1.1262800000 4 P 43
L 3.1460000000 1.1542800000 3.1460000000 1.1952800000 4 P 43
L 3.145 0.8742800000 3.145 0.8912800000 4 P 43
L 3.145 0.9282800000 3.145 0.94628 4 P 43
L 3.145 0.96328 3.145 1.0072800000 4 P 43
L 3.145 1.04428 3.145 1.0662800000 4 P 43
L 3.145 1.1022800000 3.145 1.1242800000 4 P 43
L 3.145 1.15528 3.145 1.1952800000 4 P 43
L 3.144 0.8742800000 3.144 0.8912800000 4 P 43
L 3.144 0.9282800000 3.144 0.94628 4 P 43
L 3.144 0.96328 3.144 1.00228 4 P 43
L 3.144 1.04828 3.144 1.0622800000 4 P 43
L 3.144 1.1062800000 3.144 1.1202800000 4 P 43
L 3.2135700000 1.7107500000 3.21166 1.71456 5 P 44
L 3.21166 1.71456 3.20785 1.7183700000 5 P 44
L 3.20785 1.7183700000 3.2040400000 1.72028 5 P 44
L 3.2040400000 1.72028 3.1964300000 1.72028 5 P 44
L 3.1964300000 1.72028 3.1926200000 1.7183700000 5 P 44
L 3.1926200000 1.7183700000 3.18881 1.71456 5 P 44
L 3.18881 1.71456 3.1869 1.7107500000 5 P 44
L 3.1869 1.7107500000 3.185 1.7050400000 5 P 44
L 3.185 1.7050400000 3.185 1.6955200000 5 P 44
L 3.185 1.6955200000 3.1869 1.68981 5 P 44
L 3.1869 1.68981 3.18881 1.6860000000 5 P 44
L 3.18881 1.6860000000 3.1926200000 1.68219 5 P 44
L 3.1926200000 1.68219 3.1964300000 1.6802800000 5 P 44
L 3.1964300000 1.6802800000 3.2040400000 1.6802800000 5 P 44
L 3.2040400000 1.6802800000 3.20785 1.68219 5 P 44
L 3.20785 1.68219 3.21166 1.6860000000 5 P 44
L 3.21166 1.6860000000 3.2135700000 1.68981 5 P 44
L 3.2248 1.72028 3.2248 1.6802800000 5 P 44
L 3.2248 1.72028 3.2514600000 1.6802800000 5 P 44
L 3.2514600000 1.72028 3.2514600000 1.6802800000 5 P 44
L 3.2625100000 1.71266 3.2663200000 1.71456 5 P 44
L 3.2663200000 1.71456 3.2720300000 1.72028 5 P 44
L 3.2720300000 1.72028 3.2720300000 1.6802800000 5 P 44
L 3.0035700000 1.7144700000 3.00166 1.71828 5 P 44
L 3.00166 1.71828 2.99785 1.7220900000 5 P 44
L 2.99785 1.7220900000 2.99404 1.7239900000 5 P 44
L 2.99404 1.7239900000 2.9864300000 1.7239900000 5 P 44
L 2.9864300000 1.7239900000 2.9826200000 1.7220900000 5 P 44
L 2.9826200000 1.7220900000 2.97881 1.71828 5 P 44
L 2.97881 1.71828 2.9769 1.7144700000 5 P 44
L 2.9769 1.7144700000 2.975 1.70876 5 P 44
L 2.975 1.70876 2.975 1.69923 5 P 44
L 2.975 1.69923 2.9769 1.6935200000 5 P 44
L 2.9769 1.6935200000 2.97881 1.68971 5 P 44
L 2.97881 1.68971 2.9826200000 1.6859000000 5 P 44
L 2.9826200000 1.6859000000 2.9864300000 1.6840000000 5 P 44
L 2.9864300000 1.6840000000 2.99404 1.6840000000 5 P 44
L 2.99404 1.6840000000 2.99785 1.6859000000 5 P 44
L 2.99785 1.6859000000 3.00166 1.68971 5 P 44
L 3.00166 1.68971 3.0035700000 1.6935200000 5 P 44
L 3.0148 1.7239900000 3.0148 1.6840000000 5 P 44
L 3.0148 1.7239900000 3.0414600000 1.6840000000 5 P 44
L 3.0414600000 1.7239900000 3.0414600000 1.6840000000 5 P 44
L 3.0544100000 1.7144700000 3.0544100000 1.7163700000 5 P 44
L 3.0544100000 1.7163700000 3.0563200000 1.72018 5 P 44
L 3.0563200000 1.72018 3.0582200000 1.7220900000 5 P 44
L 3.0582200000 1.7220900000 3.06203 1.7239900000 5 P 44
L 3.06203 1.7239900000 3.06965 1.7239900000 5 P 44
L 3.06965 1.7239900000 3.0734600000 1.7220900000 5 P 44
L 3.0734600000 1.7220900000 3.0753600000 1.72018 5 P 44
L 3.0753600000 1.72018 3.0772600000 1.7163700000 5 P 44
L 3.0772600000 1.7163700000 3.0772600000 1.71256 5 P 44
L 3.0772600000 1.71256 3.0753600000 1.70876 5 P 44
L 3.0753600000 1.70876 3.0715500000 1.70304 5 P 44
L 3.0715500000 1.70304 3.0525100000 1.6840000000 5 P 44
L 3.0525100000 1.6840000000 3.0791700000 1.6840000000 5 P 44
