*213
volt	          -1	    -0.96875	     -0.9375	    -0.90625	      -0.875	    -0.84375	     -0.8125	    -0.78125	       -0.75	    -0.71875	     -0.6875	    -0.65625	      -0.625	    -0.59375	     -0.5625	    -0.53125	        -0.5	    -0.46875	     -0.4375	    -0.40625	      -0.375	    -0.34375	     -0.3125	    -0.28125	       -0.25	    -0.21875	     -0.1875	    -0.15625	      -0.125	    -0.09375	     -0.0625	    -0.03125	           0	     0.03125	      0.0625	     0.09375	       0.125	     0.15625	      0.1875	     0.21875	        0.25	     0.28125	      0.3125	     0.34375	       0.375	     0.40625	      0.4375	     0.46875	         0.5	     0.53125	      0.5625	     0.59375	       0.625	     0.65625	      0.6875	     0.71875	        0.75	     0.78125	      0.8125	     0.84375	       0.875	     0.90625	      0.9375	     0.96875	
-0.3066115901685383	0	0	0	0	0	0	0	0	0	0	0	0	0	0	0	0	0	0	0	0	0	0	0	0	0	0	0	0	0	0	0	0	0	0	0	0	0	0	0	0	0	0	0	0	0	0	0	0	0	0	0	0	0	0	0	0	0	0	0	0	0	0	0	0	
-0.3016540595922345	0	0	0	0	0	0	0	0	0	0	0	0	0	0	0	0	0	0	0	0	0	0	0	0	0	0	0	0	0	0	0	0	0	0	0	0	0	0	0	0	0	0	0	0	0	0	0	0	0	0	0	0	0	0	0	0	0	0	0	0	0	0	0	0	
-0.2966965290159307	0	0	0	0	0	0	0	0	0	0	0	0	0	0	0	0	0	0	0	0	0	0	0	0	0	0	0	0	0	0	0	0	0	0	0	0	0	0	0	0	0	0	0	0	0	0	0	0	0	0	0	0	0	0	0	0	0	0	0	0	0	0	0	0	
-0.2917389984396269	0	0	0	0	0	0	0	0	0	0	0	0	0	0	0	0	0	0	0	0	0	0	0	0	0	0	0	0	0	0	0	0	0	0	0	0	0	0	0	0	0	0	0	0	0	0	0	0	0	0	0	0	0	0	0	0	0	0	0	0	0	0	0	0	
-0.2867814678633231	0	0	0	0	0	0	0	0	0	0	0	0	0	0	0	0	0	0	0	0	0	0	0	0	0	0	0	0	0	0	0	0	0	0	0	0	0	0	0	0	0	0	0	0	0	0	0	0	0	0	0	0	0	0	0	0	0	0	0	0	0	0	0	0	
-0.2818239372870193	0	0	0	0	0	0	0	0	0	0	0	0	0	0	0	0	0	0	0	0	0	0	0	0	0	0	0	0	0	0	0	0	0	0	0	0	0	0	0	0	0	0	0	0	0	0	0	0	0	0	0	0	0	0	0	0	0	0	0	0	0	0	0	0	
-0.2768664067107155	0	0	0	0	0	0	0	0	0	0	0	0	0	0	0	0	0	0	0	0	0	0	0	0	0	0	0	0	0	0	0	0	0	0	0	0	0	0	0	0	0	0	0	0	0	0	0	0	0	0	0	0	0	0	0	0	0	0	0	0	0	0	0	0	
-0.2719088761344117	0	0	0	0	0	0	0	0	0	0	0	0	0.003525891688122249	0.003429648402275321	0.003401238008251975	0.003554651943098992	0	0	0	0	0	0	0	0	0	0	0	0	0	0	0	0	0	0	0	0	0	0	0	0	0	0	0	0	0.003525891688122249	0.003429648402275321	0.003401238008251975	0.003554651943098992	0	0	0	0	0	0	0	0	0	0	0	0	0	0	0	0	
-0.2669513455581078	0	0	0	0	0	0	0	0	0	0	0.003706714580667809	0.003529559233920713	0	0	0	0	0.002233919951897649	0	0	0	0	0	0	0	0	0	0	0	0	0	0	0	0	0	0	0	0	0	0	0	0	0	0.003706714580667809	0.003529559233920713	0	0	0	0	0.002233919951897649	0	0	0	0	0	0	0	0	0	0	0	0	0	0	0	
-0.2619938149818041	0	0	0	0	0	0	0	0	0.004052948425284338	0.003909808870028697	0	0	0	0	0	0	0.002233919951897649	0	0	0	0	0	0	0	0	0	0	0	0	0	0	0	0	0	0	0	0	0	0	0	0.004052948425284338	0.003909808870028697	0	0	0	0	0	0	0.002233919951897649	0	0	0	0	0	0	0	0	0	0	0	0	0	0	0	
-0.2570362844055002	0	0	0	0	0	0	0	0.00438964754275462	0	0	0	0	0	0	0.003191442018957929	0.003344251983850142	0.002503938936737614	0	0	0	0	0	0	0	0	0	0	0	0	0	0	0	0	0	0	0	0	0	0	0.00438964754275462	0	0	0	0	0	0	0.003191442018957929	0.003344251983850142	0.002503938936737614	0	0	0	0	0	0	0	0	0	0	0	0	0	0	0	
-0.2520787538291964	0	0	0	0	0	0	0.004677554731761908	0	0	0	0.003348745259793348	0.003511966415309271	0.003525891688122249	0.006660569513951511	0.006813071773539004	0.006688503967700284	0.006949509233535801	0.003539165379697437	0.003422853572243536	0.003515119393603578	0.003512811365312684	0.003606887469605512	0.00376643856833094	0.003794900410463995	0.004052651646184574	0.0002519032691446485	0	0	0	0	0	0	0	0	0	0	0	0	0.004677554731761908	0	0	0	0.003348745259793348	0.003511966415309271	0.003525891688122249	0.006660569513951511	0.006813071773539004	0.006688503967700284	0.006949509233535801	0.003539165379697437	0.003422853572243536	0.003515119393603578	0.003512811365312684	0.003606887469605512	0.00376643856833094	0.003794900410463995	0.004052651646184574	0.0002519032691446485	0	0	0	0	0	0	
-0.2471212232528926	0	0	0	0	0	0.005091375115388642	0	0	0	0.003668643089260571	0.007339525817671213	0.007083308593432161	0.01057767506436675	0.01046203026638004	0.007001676248762945	0.007109303886197984	0.008530651330330648	0.003935634932496388	0.003422853572243536	0	0	0	0	0	0	0.003831983063957986	0.004385665295861626	0.0006239653998364584	2.72063602424389e-05	0	0	0	0	0	0	0	0	0.005091375115388642	0	0	0	0.003668643089260571	0.007339525817671213	0.007083308593432161	0.01057767506436675	0.01046203026638004	0.007001676248762945	0.007109303886197984	0.008530651330330648	0.003935634932496388	0.003422853572243536	0	0	0	0	0	0	0.003831983063957986	0.004385665295861626	0.0006239653998364584	2.72063602424389e-05	0	0	0	
-0.2421636926765888	0	0	0	0	0.005510975597194038	0	8.743092956564315e-06	0.008508531779133721	0.0158279630714531	0.01566359565999035	0.01155201640654229	0.01058208039478285	0.01057767506436675	0.003660428481680763	0.003394880554030944	0	0.01286069804083132	0.007277603414204819	0.006845707144487073	0.01054535818081073	0.007231357477254272	0.003786670022607656	0	0	0	0	0	0.003948931708554025	0.004824594549659165	0.0003275336714539518	0	0	0	0	0	0	0.005510975597194038	0	8.743092956564315e-06	0.008508531779133721	0.0158279630714531	0.01566359565999035	0.01155201640654229	0.01058208039478285	0.01057767506436675	0.003660428481680763	0.003394880554030944	0	0.01286069804083132	0.007277603414204819	0.006845707144487073	0.01054535818081073	0.007231357477254272	0.003786670022607656	0	0	0	0	0	0.003948931708554025	0.004824594549659165	0.0003275336714539518	0	0	
-0.237206162100285	0	0	0	1.091929548705517e-05	0.01102195119438808	0.005091375115388642	0.01782716653843464	0.01731517669356978	0.01254267590553726	0.01561243928225166	0.01133954429350713	0.01058647859943571	0.007051783376244497	0.006867844214898991	0.003407595462473007	0.006909977609014863	0.01101649621138311	0.01019611750444212	0.01026856071673061	0.01054535818081073	0.0105493774335247	0.01746812230607081	0.01175457370016802	0.007589800820927989	0.008105303292369147	0.008157594756340838	0.004385665295861626	0.004572897108390483	0	0.004982481911208599	0.0003579706319447207	0	0	0	0	1.091929548705517e-05	0.01102195119438808	0.005091375115388642	0.01782716653843464	0.01731517669356978	0.01254267590553726	0.01561243928225166	0.01133954429350713	0.01058647859943571	0.007051783376244497	0.006867844214898991	0.003407595462473007	0.006909977609014863	0.01101649621138311	0.01019611750444212	0.01026856071673061	0.01054535818081073	0.0105493774335247	0.01746812230607081	0.01175457370016802	0.007589800820927989	0.008105303292369147	0.008157594756340838	0.004385665295861626	0.004572897108390483	0	0.004982481911208599	0.0003579706319447207	0	
-0.2322486315239812	0.006257285546645042	0.006097838971459834	0.006033380948800842	0.01167272687566198	0.01020131370670622	0.0197405777838402	0.01475834091068056	0.01807003197195001	0.01621179370113735	0.01197302840884177	0.01460745777116754	0.01058867770176214	0.01057547824711558	0.01027826094389052	0.01360283288160089	0.01401042254956026	0.01104294136969218	0.003925256148391704	0.006845707144487073	0.007030238787207156	0.0103217560117225	0.01784791294928784	0.02966451709798842	0.03059328125295553	0.02479313801488245	0.01645004681838538	0.01753992868170453	0.01371014385394081	0.009999848853554209	0.005630932412268948	0.00544549264352272	0.0003853579106045208	0.006257285546645042	0.006097838971459834	0.006033380948800842	0.01167272687566198	0.01020131370670622	0.0197405777838402	0.01475834091068056	0.01807003197195001	0.01621179370113735	0.01197302840884177	0.01460745777116754	0.01058867770176214	0.01057547824711558	0.01027826094389052	0.01360283288160089	0.01401042254956026	0.01104294136969218	0.003925256148391704	0.006845707144487073	0.007030238787207156	0.0103217560117225	0.01784791294928784	0.02966451709798842	0.03059328125295553	0.02479313801488245	0.01645004681838538	0.01753992868170453	0.01371014385394081	0.009999848853554209	0.005630932412268948	0.00544549264352272	0.0003853579106045208	
-0.2272911009476774	0.00664324895419511	0.006097838971459834	0.006033380948800842	0.01683027411071438	0.01668744012608288	0.02516820571058784	0.01914445921055699	0.00877929508550924	0.008105896850568676	0.003909808870028697	0	0.003529559233920713	0.003525891688122249	0.003226647406502015	0.006603275784244957	0.009851147565672472	0.01837660132392814	0.01979441704445441	0.01690527119450125	0.01747485211312333	0.01405124546125074	0.004177697075387319	0.003778172021814837	0.007355722851684416	0.01573337844696329	0.0167273948621911	0.009358818466246772	0.009433559081545724	0.01425915569595381	0.01560912991838126	0.01231202021991691	0.01780580228116771	0.00664324895419511	0.006097838971459834	0.006033380948800842	0.01683027411071438	0.01668744012608288	0.02516820571058784	0.01914445921055699	0.00877929508550924	0.008105896850568676	0.003909808870028697	0	0.003529559233920713	0.003525891688122249	0.003226647406502015	0.006603275784244957	0.009851147565672472	0.01837660132392814	0.01979441704445441	0.01690527119450125	0.01747485211312333	0.01405124546125074	0.004177697075387319	0.003778172021814837	0.007355722851684416	0.01573337844696329	0.0167273948621911	0.009358818466246772	0.009433559081545724	0.01425915569595381	0.01560912991838126	0.01231202021991691	0.01780580228116771	
-0.2223335703713736	0.005871322139094974	0.0003761283851554664	0.01738215171791595	0.02335637304681102	0.01655009493985998	0.01078229533782305	0.004677554731761908	0.00438964754275462	0.00380295347568736	0.003909808870028697	0.003706714580667809	0.006852402849156974	0.007051783376244497	0.01673155575689456	0.0138041522652669	0.006912192345428009	0.02653980413880646	0.01724746342516481	0.01731686667078973	0.007339043668514385	0.01053843409593805	0.00742052487516349	0.007532877136661879	0.007589800820927989	0.008105303292369147	0.01584446118145178	0.02572650390064624	0.01856225835586542	0.01058327413430873	0.01061010590255377	0.02250875943288774	0.006800433716550367	0.005871322139094974	0.0003761283851554664	0.01738215171791595	0.02335637304681102	0.01655009493985998	0.01078229533782305	0.004677554731761908	0.00438964754275462	0.00380295347568736	0.003909808870028697	0.003706714580667809	0.006852402849156974	0.007051783376244497	0.01673155575689456	0.0138041522652669	0.006912192345428009	0.02653980413880646	0.01724746342516481	0.01731686667078973	0.007339043668514385	0.01053843409593805	0.00742052487516349	0.007532877136661879	0.007589800820927989	0.008105303292369147	0.01584446118145178	0.02572650390064624	0.01856225835586542	0.01058327413430873	0.01061010590255377	0.02250875943288774	0.006800433716550367	
-0.2173760397950698	0.01914612418665034	0.0305043919637701	0.03546725810089467	0.02957673170927012	0.01718188279648534	0.005091375115388642	0.01345270569583362	0.00877929508550924	0.008118522858124078	0.007819617740057393	0.01089150527254167	0.01053150104127495	0.01057767506436675	0.000630371513190791	0	0.003554651943098992	0.0237741973198528	0.004319649944369717	0.003429251429387917	0.01385241754800164	0.01404467945869875	0.007220516784948605	0.007539917208752218	0.01138470123139198	0.00833760481975169	0.008160139233806945	0.01315699588758488	0.02259381561964893	0.01920466740224604	0.01129825745469945	0.01723321244291453	0.01745444653914594	0.01914612418665034	0.0305043919637701	0.03546725810089467	0.02957673170927012	0.01718188279648534	0.005091375115388642	0.01345270569583362	0.00877929508550924	0.008118522858124078	0.007819617740057393	0.01089150527254167	0.01053150104127495	0.01057767506436675	0.000630371513190791	0	0.003554651943098992	0.0237741973198528	0.004319649944369717	0.003429251429387917	0.01385241754800164	0.01404467945869875	0.007220516784948605	0.007539917208752218	0.01138470123139198	0.00833760481975169	0.008160139233806945	0.01315699588758488	0.02259381561964893	0.01920466740224604	0.01129825745469945	0.01723321244291453	0.01745444653914594	
-0.212418509218766	0.05517327417826831	0.06089860490562597	0.0483309525599579	0.018668355517702	0.0272149486500685	0.02005145302453059	0.01366836865542888	0.01752850535919898	0.01239621421789459	0.01172942661008609	0.01112245322149294	0.003793451513092356	0.003525891688122249	0.006645611545841899	0.006802476016503951	0.00690111866336228	0.01983943613355083	0.01058428402995732	0.01026856071673061	0.007036809103830714	0.007246678149875574	0.01781420372059993	0.01507044765471732	0.007589800820927989	0.004060226695990526	0.004083886333102634	0.0002513901602612272	0.004302227186086996	0.02842157766660117	0.03733222170390294	0.012836320640442	0.03622742161555637	0.05517327417826831	0.06089860490562597	0.0483309525599579	0.018668355517702	0.0272149486500685	0.02005145302453059	0.01366836865542888	0.01752850535919898	0.01239621421789459	0.01172942661008609	0.01112245322149294	0.003793451513092356	0.003525891688122249	0.006645611545841899	0.006802476016503951	0.00690111866336228	0.01983943613355083	0.01058428402995732	0.01026856071673061	0.007036809103830714	0.007246678149875574	0.01781420372059993	0.01507044765471732	0.007589800820927989	0.004060226695990526	0.004083886333102634	0.0002513901602612272	0.004302227186086996	0.02842157766660117	0.03733222170390294	0.012836320640442	0.03622742161555637	
-0.2074609786424622	0.06687303363339714	0.0556632017263913	0.04849635365761973	0.05255820894435891	0.03249930468999475	0.02576775081763361	0.005621808771070854	3.008481181950207e-05	0.003808003878709521	0.007580887977276824	0.003930734091150537	0.007059118467841427	0.007051783376244497	0.01009021791622683	0.01020371402475593	0.0102586590656913	0.01367214684578854	0.006852073265912752	0.006734810953984479	0.007212017547125596	0.006811133313927148	0.003620371161080673	0.01120779476781842	0.01517250837006072	0.02002338165373437	0.01306589178846232	0.01732952604757286	0.0139808137762443	0.01456447151645229	0.02091914550104381	0.05185511952241655	0.03779907740782579	0.06687303363339714	0.0556632017263913	0.04849635365761973	0.05255820894435891	0.03249930468999475	0.02576775081763361	0.005621808771070854	3.008481181950207e-05	0.003808003878709521	0.007580887977276824	0.003930734091150537	0.007059118467841427	0.007051783376244497	0.01009021791622683	0.01020371402475593	0.0102586590656913	0.01367214684578854	0.006852073265912752	0.006734810953984479	0.007212017547125596	0.006811133313927148	0.003620371161080673	0.01120779476781842	0.01517250837006072	0.02002338165373437	0.01306589178846232	0.01732952604757286	0.0139808137762443	0.01456447151645229	0.02091914550104381	0.05185511952241655	0.03779907740782579	
-0.2025034480661584	0.06489253453202912	0.09038859001246163	0.0734681602887001	0.04777555752102874	0.039486741039085	0.02493029098556968	0.02778263505164254	0.01755859017101848	0.01240126462091675	0.008058347502837961	0.007413429161335619	0.01058867770176214	0.01057547824711558	0.01048767249742509	0.01020795232756995	0.01421860777239597	0.01089262152246168	0.01333051030405686	0.01380017786042861	0.01697988826081529	0.01073760284001497	0.01442080803268447	0.01137910318868332	0.007596894092723249	0.01215795493855372	0.01959756544396043	0.01750167365731696	0.01802091851125845	0.02425900454950802	0.04238418045451087	0.06836877483647251	0.09488871845826612	0.06489253453202912	0.09038859001246163	0.0734681602887001	0.04777555752102874	0.039486741039085	0.02493029098556968	0.02778263505164254	0.01755859017101848	0.01240126462091675	0.008058347502837961	0.007413429161335619	0.01058867770176214	0.01057547824711558	0.01048767249742509	0.01020795232756995	0.01421860777239597	0.01089262152246168	0.01333051030405686	0.01380017786042861	0.01697988826081529	0.01073760284001497	0.01442080803268447	0.01137910318868332	0.007596894092723249	0.01215795493855372	0.01959756544396043	0.01750167365731696	0.01802091851125845	0.02425900454950802	0.04238418045451087	0.06836877483647251	0.09488871845826612	
-0.1975459174898546	0.07626480988378213	0.05488055074313851	0.0836967145327419	0.02549655496227383	0.02202673424049829	0.02036550046155457	0.01899291226597654	0.00438964754275462	0.008105896850568676	0.007819617740057393	0.007418048120314644	0.007059118467841427	0.007051783376244497	0.003429648402275321	0.003396999705437955	0	0.008540394283391884	0.006856224779554626	0.003631850238959964	0.00392247902426418	0.01033926535186113	0.01082066240881654	0.007746425990068805	0.01138470123139198	0.01215290490534975	0.004091519765500957	0.008771330591723253	0.01828304096233129	0.01427124741161712	0.03716680065771408	0.04028073575620392	0.07090585555123183	0.07626480988378213	0.05488055074313851	0.0836967145327419	0.02549655496227383	0.02202673424049829	0.02036550046155457	0.01899291226597654	0.00438964754275462	0.008105896850568676	0.007819617740057393	0.007418048120314644	0.007059118467841427	0.007051783376244497	0.003429648402275321	0.003396999705437955	0	0.008540394283391884	0.006856224779554626	0.003631850238959964	0.00392247902426418	0.01033926535186113	0.01082066240881654	0.007746425990068805	0.01138470123139198	0.01215290490534975	0.004091519765500957	0.008771330591723253	0.01828304096233129	0.01427124741161712	0.03716680065771408	0.04028073575620392	0.07090585555123183	
-0.1925883869135507	0.08531350754967817	0.06220555606212577	0.06028118186602511	0.05810521105178294	0.050268338157583	0.0410323595747988	0.02833344990790609	0.0219482377137731	0.004371123815680491	0.003919552941978923	0.003702095621688784	0	0	0	0	0	0.008540394283391884	0.0005895149371460835	0.003215989524575236	0.003515119393603578	0.003512811365312684	0.00351025434736686	0.003775825331118057	0.003794900410463995	0.004057701679388542	0.008641045474901275	0.008790458103917041	0.01373578626763272	0.03337313523072505	0.02186535388524411	0.0453754894977202	0.04282762033934164	0.08531350754967817	0.06220555606212577	0.06028118186602511	0.05810521105178294	0.050268338157583	0.0410323595747988	0.02833344990790609	0.0219482377137731	0.004371123815680491	0.003919552941978923	0.003702095621688784	0	0	0	0	0	0.008540394283391884	0.0005895149371460835	0.003215989524575236	0.003515119393603578	0.003512811365312684	0.00351025434736686	0.003775825331118057	0.003794900410463995	0.004057701679388542	0.008641045474901275	0.008790458103917041	0.01373578626763272	0.03337313523072505	0.02186535388524411	0.0453754894977202	0.04282762033934164	
-0.1876308563372469	0.04952027477475721	0.06709522506914684	0.03169310578152019	0.04564993466621534	0.01204860646140429	0.01556596740885487	0.02779429250891795	0.01755859017101848	0.007787721460172522	0.004124178452933697	0.003706714580667809	0.003529559233920713	0.003525891688122249	0.003429648402275321	0.003401238008251975	0.00021039995924885	0.008540394283391884	0.0005895149371460835	0	0	0	9.663312223865235e-05	0.003543502952136897	0.003794900410463995	0.004052651646184574	0.007694499857509262	0.01313786837539109	0.01345087055994484	0.038811384350297	0.04308225726942787	0.04539356882256589	0.06741874426213405	0.04952027477475721	0.06709522506914684	0.03169310578152019	0.04564993466621534	0.01204860646140429	0.01556596740885487	0.02779429250891795	0.01755859017101848	0.007787721460172522	0.004124178452933697	0.003706714580667809	0.003529559233920713	0.003525891688122249	0.003429648402275321	0.003401238008251975	0.00021039995924885	0.008540394283391884	0.0005895149371460835	0	0	0	9.663312223865235e-05	0.003543502952136897	0.003794900410463995	0.004052651646184574	0.007694499857509262	0.01313786837539109	0.01345087055994484	0.038811384350297	0.04308225726942787	0.04539356882256589	0.06741874426213405	
-0.1826733257609431	0.03828445113274413	0.04767332299930093	0.03125704834222991	0.03467968246688723	0.02789137369221631	0.01049362547146768	0.01898416917301998	0.0219482377137731	0.004052948425284338	0.003685695215173469	0.003706714580667809	0.003529559233920713	0.0002021071871073189	0	0	0.003140496233840729	0.006696192453943669	0.0003964695527989505	0	0	0	0	0	0	0	0	0.008514475427978086	0.01828873927648505	0.01484258097670833	0.04060755841844246	0.04746545944988231	0.02959322072318835	0.03828445113274413	0.04767332299930093	0.03125704834222991	0.03467968246688723	0.02789137369221631	0.01049362547146768	0.01898416917301998	0.0219482377137731	0.004052948425284338	0.003685695215173469	0.003706714580667809	0.003529559233920713	0.0002021071871073189	0	0	0.003140496233840729	0.006696192453943669	0.0003964695527989505	0	0	0	0	0	0	0	0	0.008514475427978086	0.01828873927648505	0.01484258097670833	0.04060755841844246	0.04746545944988231	0.02959322072318835	
-0.1777157951846393	0.02425331675120175	0.006116835354548494	0.03430945041726186	0.03653596269968662	0.05929535052208339	0.02160900142431615	0.01430078571262036	0.02658676869976178	0.01215884527585301	0	0	0	0.003323784501014929	0.003429648402275321	0.003401238008251975	0.0002037557500094126	0.00643591642216494	0.0003964695527989505	0	0	0	0	0	0	0	0	0.008514475427978086	0.02286163638487554	0.03367240519339187	0.03153255982452136	0.03517151855481109	0.0132343996161533	0.02425331675120175	0.006116835354548494	0.03430945041726186	0.03653596269968662	0.05929535052208339	0.02160900142431615	0.01430078571262036	0.02658676869976178	0.01215884527585301	0	0	0	0.003323784501014929	0.003429648402275321	0.003401238008251975	0.0002037557500094126	0.00643591642216494	0.0003964695527989505	0	0	0	0	0	0	0	0	0.008514475427978086	0.02286163638487554	0.03367240519339187	0.03153255982452136	0.03517151855481109	0.0132343996161533	
-0.1727582646083355	0.00664324895419511	0	0.01737087437034809	0.03435210360227558	0.02269972565299052	0.03025958082597648	0.01927560560490546	0.02634882518809845	0.02837063897699036	0.01172942661008609	0.007413429161335619	0.003850628173579545	0.003525891688122249	0.003429648402275321	0.003401238008251975	0.006704007122592305	0.002357794640819076	0.0001951211411680699	0	0	0	0	0	0	0	0.007928591784391157	0.01315426338584291	0.01856225835586542	0.03764453378878796	0.0275194452439795	0.02831222270835518	0.02497270381466551	0.00664324895419511	0	0.01737087437034809	0.03435210360227558	0.02269972565299052	0.03025958082597648	0.01927560560490546	0.02634882518809845	0.02837063897699036	0.01172942661008609	0.007413429161335619	0.003850628173579545	0.003525891688122249	0.003429648402275321	0.003401238008251975	0.006704007122592305	0.002357794640819076	0.0001951211411680699	0	0	0	0	0	0	0	0.007928591784391157	0.01315426338584291	0.01856225835586542	0.03764453378878796	0.0275194452439795	0.02831222270835518	0.02497270381466551	
-0.1678007340320317	0.000385963407550068	0	0.01133749342154725	0.02305427253833583	0.02326970817581557	0.04406815146603053	0.01047422536196405	0.009030913511635985	0.02837063897699036	0.007819617740057393	0	0.003208490294261882	0.003523694870871082	0.003429648402275321	0.003401238008251975	0.003355325665915871	0.0002519249291548128	0	0	0	0	0	0	0	0	0.007928591784391157	0.01753992868170453	0.03173676067935301	0.0336633364066444	0.0321810103255817	0.01775751286343963	0.01817982613557798	0.000385963407550068	0	0.01133749342154725	0.02305427253833583	0.02326970817581557	0.04406815146603053	0.01047422536196405	0.009030913511635985	0.02837063897699036	0.007819617740057393	0	0.003208490294261882	0.003523694870871082	0.003429648402275321	0.003401238008251975	0.003355325665915871	0.0002519249291548128	0	0	0	0	0	0	0	0	0.007928591784391157	0.01753992868170453	0.03173676067935301	0.0336633364066444	0.0321810103255817	0.01775751286343963	0.01817982613557798	
-0.1628432034557279	0	0	0	0.01681935481522732	0.03240659668929428	0.0308400927550208	0.01901331281620853	0.01342876600306865	0.02050463626997434	0.01563679946212723	0.003706714580667809	0	0	0	0	0	0	0	0	0	0	0	0	0	1.010006640793663e-05	0.01992071408215609	0.01368163622204309	0.04005345018676225	0.02566768942428319	0.02538551374814315	0.02383939774153074	0.006437743918334347	0	0	0	0.01681935481522732	0.03240659668929428	0.0308400927550208	0.01901331281620853	0.01342876600306865	0.02050463626997434	0.01563679946212723	0.003706714580667809	0	0	0	0	0	0	0	0	0	0	0	0	0	1.010006640793663e-05	0.01992071408215609	0.01368163622204309	0.04005345018676225	0.02566768942428319	0.02538551374814315	0.02383939774153074	0.006437743918334347	
-0.1578856728794241	0	0	0	0.0109775317296528	0.02688532020313353	0.02608179825465758	0.03215126716560584	0.009607994901991887	0.01644158703864568	0.02345641720218462	0.003706714580667809	0	0	0	0	0	0	0	0	0	0	0	0	0	0.007867951731782636	0.01633300085494443	0.02192559397756616	0.03575977047190589	0.02968818488233249	0.0215609791602566	0.01739954223149491	0.0003740238544102701	0	0	0	0.0109775317296528	0.02688532020313353	0.02608179825465758	0.03215126716560584	0.009607994901991887	0.01644158703864568	0.02345641720218462	0.003706714580667809	0	0	0	0	0	0	0	0	0	0	0	0	0	0.007867951731782636	0.01633300085494443	0.02192559397756616	0.03575977047190589	0.02968818488233249	0.0215609791602566	0.01739954223149491	0.0003740238544102701	
-0.1529281423031203	0	0	0	0	0.02103784889969338	0.0305672838703333	0.03243978923317246	0.01811379169823293	0.004525161107856407	0.02736866209020087	0.01112014374200343	0	0	0	0	0	0	0	0	0	0	0	0	0	0.007867951731782636	0.0245007735211497	0.03016408672960529	0.02780777307033714	0.02416831668203322	0.02122021180510754	0.01231202021991691	0	0	0	0	0	0.02103784889969338	0.0305672838703333	0.03243978923317246	0.01811379169823293	0.004525161107856407	0.02736866209020087	0.01112014374200343	0	0	0	0	0	0	0	0	0	0	0	0	0	0.007867951731782636	0.0245007735211497	0.03016408672960529	0.02780777307033714	0.02416831668203322	0.02122021180510754	0.01231202021991691	0	
-0.1479706117268165	0	0	0	0	0.01586680263840103	0.02484781388089672	0.033011004639668	0.01784302839185741	0.01239621421789459	0.01587065718893268	0.01853357290333904	0.003529559233920713	0	0	0	0	0	0	0	0	0	0	0	0.003572644560879188	0.01620555655153433	0.01633300085494443	0.03455248452720889	0.02771090172972326	0.02912592010398875	0.01622780463112761	0.0003579706319447207	0	0	0	0	0	0.01586680263840103	0.02484781388089672	0.033011004639668	0.01784302839185741	0.01239621421789459	0.01587065718893268	0.01853357290333904	0.003529559233920713	0	0	0	0	0	0	0	0	0	0	0	0.003572644560879188	0.01620555655153433	0.01633300085494443	0.03455248452720889	0.02771090172972326	0.02912592010398875	0.01622780463112761	0.0003579706319447207	0	
-0.1430130811505126	0	0	0	0	0.01035582704120699	0.0152646087571652	0.03219789699470751	0.02658676869976178	0.01266388557806913	0.01586334913497001	0.01853357290333904	0.007059118467841427	0	0	0	0	0	0	0	0	0	0	0	0.007365180547411429	0.0202582081977189	0.02425904816186948	0.03042913939857637	0.02771090172972326	0.01940115778177476	0.01126517324546167	0	0	0	0	0	0	0.01035582704120699	0.0152646087571652	0.03219789699470751	0.02658676869976178	0.01266388557806913	0.01586334913497001	0.01853357290333904	0.007059118467841427	0	0	0	0	0	0	0	0	0	0	0	0.007365180547411429	0.0202582081977189	0.02425904816186948	0.03042913939857637	0.02771090172972326	0.01940115778177476	0.01126517324546167	0	0	
-0.1380555505742088	0	0	0	0	0	0.01465871925745228	0.03218332517311324	0.02632147535917163	0.02077483283165997	0.008058347502837961	0.02244814063806299	0.01058867770176214	0	0	0	0	0	0	0	0	0	0	7.040072090338205e-06	0.0149407948247489	0.01621565661794226	0.03192810324471766	0.02684136461136994	0.02317219450625533	0.02392043651093545	0.0006550673429079035	0	0	0	0	0	0	0	0.01465871925745228	0.03218332517311324	0.02632147535917163	0.02077483283165997	0.008058347502837961	0.02244814063806299	0.01058867770176214	0	0	0	0	0	0	0	0	0	0	7.040072090338205e-06	0.0149407948247489	0.01621565661794226	0.03192810324471766	0.02684136461136994	0.02317219450625533	0.02392043651093545	0.0006550673429079035	0	0	
-0.133098019997905	0	0	0	0	0	0.009567344142063641	0.02281947261663286	0.03099829610565786	0.01645926344922325	0.01587065718893268	0.01504625887417494	0.01764779616960357	0.003525891688122249	0	0	0	0	0	0	0	0	0	0.003545849642833676	0.01517487279399247	0.01621060658473829	0.03601707853275252	0.02683863210962797	0.02314085377840966	0.01454633394295733	0.0003275336714539518	0	0	0	0	0	0	0	0.009567344142063641	0.02281947261663286	0.03099829610565786	0.01645926344922325	0.01587065718893268	0.01504625887417494	0.01764779616960357	0.003525891688122249	0	0	0	0	0	0	0	0	0	0.003545849642833676	0.01517487279399247	0.01621060658473829	0.03601707853275252	0.02683863210962797	0.02314085377840966	0.01454633394295733	0.0003275336714539518	0	0	
-0.1281404894216012	0	0	0	0	0	0.004044550325308734	0.0143823879135483	0.03437326499522746	0.0209920001616129	0.0195539163861186	0.01156125432450034	0.02117735540352428	0.003525891688122249	0	0	0	0	0	0	0	0	0	0.007312288211164615	0.01517723721792423	0.03192630991548769	0.03267363514228718	0.01808096402661457	0.02257387152011078	0.00544127204848778	0	0	0	0	0	0	0	0	0.004044550325308734	0.0143823879135483	0.03437326499522746	0.0209920001616129	0.0195539163861186	0.01156125432450034	0.02117735540352428	0.003525891688122249	0	0	0	0	0	0	0	0	0	0.007312288211164615	0.01517723721792423	0.03192630991548769	0.03267363514228718	0.01808096402661457	0.02257387152011078	0.00544127204848778	0	0	0	
-0.1231829588452974	0	0	0	0	0	0	0.0134672775174279	0.02581276854113277	0.02835801296943496	0.02004355600161752	0.007847611305363997	0.02117735540352428	0.01057767506436675	0	0	0	0	0	0	0	0	5.393476590064318e-05	0.01478884477110379	0.01138233680746023	0.03573655996788179	0.02499440214957456	0.03071331957974123	0.01397511546209054	0.0002992699626668279	0	0	0	0	0	0	0	0	0	0.0134672775174279	0.02581276854113277	0.02835801296943496	0.02004355600161752	0.007847611305363997	0.02117735540352428	0.01057767506436675	0	0	0	0	0	0	0	0	5.393476590064318e-05	0.01478884477110379	0.01138233680746023	0.03573655996788179	0.02499440214957456	0.03071331957974123	0.01397511546209054	0.0002992699626668279	0	0	0	
-0.1182254282689936	0	0	0	0	0	0	0.00878972278566599	0.02141491604970011	0.02861810872507626	0.01588527329685802	0.01504625887417494	0.01432715165669374	0.01762945844061124	0.003429648402275321	0	0	0	0	0	0	0	0.003395642969827993	0.01882984615095792	0.01517723721792423	0.03648143986546711	0.0201624394414363	0.02995641659721558	0.005897755149139127	0	0	0	0	0	0	0	0	0	0	0.00878972278566599	0.02141491604970011	0.02861810872507626	0.01588527329685802	0.01504625887417494	0.01432715165669374	0.01762945844061124	0.003429648402275321	0	0	0	0	0	0	0	0.003395642969827993	0.01882984615095792	0.01517723721792423	0.03648143986546711	0.0201624394414363	0.02995641659721558	0.005897755149139127	0	0	0	0	
-0.1132678976926898	0	0	0	0	0	0	0.004386118299876431	0.008795704982865332	0.03929718591543605	0.01658441045928683	0.01853819186231807	0.01100870624611034	0.02115535012873349	0.003429648402275321	0	0	0	0	0	0	0	0.007002530439433505	0.01506340758262698	0.02989577619308832	0.02836856152329201	0.02092069372633636	0.02164961130162721	0.00512848273838185	0	0	0	0	0	0	0	0	0	0	0.004386118299876431	0.008795704982865332	0.03929718591543605	0.01658441045928683	0.01853819186231807	0.01100870624611034	0.02115535012873349	0.003429648402275321	0	0	0	0	0	0	0	0.007002530439433505	0.01506340758262698	0.02989577619308832	0.02836856152329201	0.02092069372633636	0.02164961130162721	0.00512848273838185	0	0	0	0	
-0.108310367116386	0	0	0	0	0	0	0	0.01263835594708355	0.02397426314619907	0.02722737304692258	0.01899315932175207	0.007472549705210333	0.02115535012873349	0.01028894520682596	0	0	0	0	0	0	6.566002551986325e-06	0.01420282168716937	0.01130400908638638	0.03703633646698318	0.02504311465847888	0.02475013231282824	0.01314879838235897	0.0002820665506110018	0	0	0	0	0	0	0	0	0	0	0	0.01263835594708355	0.02397426314619907	0.02722737304692258	0.01899315932175207	0.007472549705210333	0.02115535012873349	0.01028894520682596	0	0	0	0	0	0	6.566002551986325e-06	0.01420282168716937	0.01130400908638638	0.03703633646698318	0.02504311465847888	0.02475013231282824	0.01314879838235897	0.0002820665506110018	0	0	0	0	
-0.1033528365400822	0	0	0	0	0	0	0	0.00824870840432893	0.01595674834851821	0.03105435730537434	0.01527951630261572	0.01785671089061445	0.01783815607947206	0.01028894520682596	0.003399118856844965	0	0	0	0	0	0.003307076618683779	0.01803219006611503	0.0155397857940732	0.03657763822422305	0.01717011289349227	0.02832766763017547	0.004918503135545749	0	0	0	0	0	0	0	0	0	0	0	0	0.00824870840432893	0.01595674834851821	0.03105435730537434	0.01527951630261572	0.01785671089061445	0.01783815607947206	0.01028894520682596	0.003399118856844965	0	0	0	0	0	0.003307076618683779	0.01803219006611503	0.0155397857940732	0.03657763822422305	0.01717011289349227	0.02832766763017547	0.004918503135545749	0	0	0	0	0	
-0.09839530596377838	0	0	0	0	0	0	0	0.00411614925348642	0.008121048059635158	0.03791174794034679	0.01572293636460215	0.01765219437425643	0.0145231588474618	0.0171482420113766	0.003399118856844965	0	0	0	0	0	0.003307076618683779	0.01803219006611503	0.02590511860174782	0.03036156770764371	0.02076068650151375	0.0201598949639702	0.004918503135545749	0	0	0	0	0	0	0	0	0	0	0	0	0.00411614925348642	0.008121048059635158	0.03791174794034679	0.01572293636460215	0.01765219437425643	0.0145231588474618	0.0171482420113766	0.003399118856844965	0	0	0	0	0	0.003307076618683779	0.01803219006611503	0.02590511860174782	0.03036156770764371	0.02076068650151375	0.0201598949639702	0.004918503135545749	0	0	0	0	0	
-0.09343777538747455	0	0	0	0	0	0	0	0	0.01166895618270338	0.02707877594968161	0.02232573822511882	0.02136427910127086	0.004037750107644045	0.02048814260499425	0.01020159487334892	0	0	0	0	0	0.006819887983996463	0.01453541941022334	0.0404100137985413	0.02345035655512891	0.02455831147089792	0.01224402556690958	0.0002705176724550162	0	0	0	0	0	0	0	0	0	0	0	0	0	0.01166895618270338	0.02707877594968161	0.02232573822511882	0.02136427910127086	0.004037750107644045	0.02048814260499425	0.01020159487334892	0	0	0	0	0	0.006819887983996463	0.01453541941022334	0.0404100137985413	0.02345035655512891	0.02455831147089792	0.01224402556690958	0.0002705176724550162	0	0	0	0	0	
-0.08848024481117076	0	0	0	0	0	0	0	0	0.007616007757419042	0.01172455457411098	0.03617568672372621	0.01495829402437925	0.01454073338547113	0.0171482420113766	0.01360283288160089	0	0	0	0	0.003309249472732091	0.01756186815904609	0.01420057440525684	0.03345442257328715	0.01966491384039193	0.02810848481328765	0.004580059438993608	0	0	0	0	0	0	0	0	0	0	0	0	0	0	0.007616007757419042	0.01172455457411098	0.03617568672372621	0.01495829402437925	0.01454073338547113	0.0171482420113766	0.01360283288160089	0	0	0	0	0.003309249472732091	0.01756186815904609	0.01420057440525684	0.03345442257328715	0.01966491384039193	0.02810848481328765	0.004580059438993608	0	0	0	0	0	0	
-0.08352271423486693	0	0	0	0	0	0	0	0	0.003800428274176279	0.007834233847982734	0.03941819592700197	0.01519579707563373	0.01783815607947206	0.01392159460487459	0.0136049520330079	0.003554651943098992	0	0	0	0.003309249472732091	0.01756186815904609	0.02480774503238333	0.0301338552373443	0.01944029356687537	0.0200031815209185	0.004580059438993608	0	0	0	0	0	0	0	0	0	0	0	0	0	0	0.003800428274176279	0.007834233847982734	0.03941819592700197	0.01519579707563373	0.01783815607947206	0.01392159460487459	0.0136049520330079	0.003554651943098992	0	0	0	0.003309249472732091	0.01756186815904609	0.02480774503238333	0.0301338552373443	0.01944029356687537	0.0200031815209185	0.004580059438993608	0	0	0	0	0	0	
-0.07856518365856313	0	0	0	0	0	0	0	0	0	0.01125683912050007	0.03246435318407937	0.01497148863833783	0.02115974376323582	0.01069708405095966	0.01700407088985287	0.007109303886197984	0	0	0	0.003431895383038509	0.01743930277807568	0.03520142387781978	0.02704091689898904	0.02679365199462803	0.008097728242563195	0.0002519032691446485	0	0	0	0	0	0	0	0	0	0	0	0	0	0	0	0.01125683912050007	0.03246435318407937	0.01497148863833783	0.02115974376323582	0.01069708405095966	0.01700407088985287	0.007109303886197984	0	0	0	0.003431895383038509	0.01743930277807568	0.03520142387781978	0.02704091689898904	0.02679365199462803	0.008097728242563195	0.0002519032691446485	0	0	0	0	0	0	
-0.07360765308225931	0	0	0	0	0	0	0	0	0	0.007347030250471369	0.01830724391336681	0.02781424622469108	0.02179682076607411	0.00726743564868434	0.01700195173844586	0.01421860777239597	0	0	0.003222387381719616	0.0142663474952858	0.01692715457902075	0.03225074272667209	0.01575098795678334	0.03011803204267312	0.004545029883571484	0	0	0	0	0	0	0	0	0	0	0	0	0	0	0	0	0.007347030250471369	0.01830724391336681	0.02781424622469108	0.02179682076607411	0.00726743564868434	0.01700195173844586	0.01421860777239597	0	0	0.003222387381719616	0.0142663474952858	0.01692715457902075	0.03225074272667209	0.01575098795678334	0.03011803204267312	0.004545029883571484	0	0	0	0	0	0	0	
-0.06865012250595551	0	0	0	0	0	0	0	0	0	0.007347030250471369	0.004154753601633264	0.04064600829941218	0.01208029806416464	0.01714396830620243	0.01720327112211186	0.01066395582929698	0.002233919951897649	0	0.003222387381719616	0.01757121675693552	0.02064788935847967	0.02885734703875662	0.02306092947725118	0.01873333081128114	0.004545029883571484	0	0	0	0	0	0	0	0	0	0	0	0	0	0	0	0	0.007347030250471369	0.004154753601633264	0.04064600829941218	0.01208029806416464	0.01714396830620243	0.01720327112211186	0.01066395582929698	0.002233919951897649	0	0.003222387381719616	0.01757121675693552	0.02064788935847967	0.02885734703875662	0.02306092947725118	0.01873333081128114	0.004545029883571484	0	0	0	0	0	0	0	
-0.06369259192965174	0	0	0	0	0	0	0	0	0	0.003666207071273014	0.007427286038272694	0.03422462950623555	0.01143004015781935	0.02401181252110142	0.0140054716489329	0.01066395582929698	0.004467839903795298	0	0.003222387381719616	0.01757121675693552	0.03428328799143793	0.02228854200844079	0.02305154271446406	0.0109236385647001	0.004545029883571484	0	0	0	0	0	0	0	0	0	0	0	0	0	0	0	0	0.003666207071273014	0.007427286038272694	0.03422462950623555	0.01143004015781935	0.02401181252110142	0.0140054716489329	0.01066395582929698	0.004467839903795298	0	0.003222387381719616	0.01757121675693552	0.03428328799143793	0.02228854200844079	0.02305154271446406	0.0109236385647001	0.004545029883571484	0	0	0	0	0	0	0	
-0.05873506135334791	0	0	0	0	0	0	0	0	0	0	0.006965390140370164	0.03112389522596876	0.01453853656821996	0.02421481351687473	0.003805995926990996	0.02132791165859395	0.006701759855692947	0.003130241285972866	0.003636115477056218	0.02066364578109019	0.03448464540303218	0.01891537185773806	0.02989214609557602	0.004255963077155882	0	0	0	0	0	0	0	0	0	0	0	0	0	0	0	0	0	0	0.006965390140370164	0.03112389522596876	0.01453853656821996	0.02421481351687473	0.003805995926990996	0.02132791165859395	0.006701759855692947	0.003130241285972866	0.003636115477056218	0.02066364578109019	0.03448464540303218	0.01891537185773806	0.02989214609557602	0.004255963077155882	0	0	0	0	0	0	0	0	
-0.05377753077704406	0	0	0	0	0	0	0	0	0	0	0.006965390140370164	0.01058427949710928	0.03441314223952338	0.01455837667582664	0.01400335249752589	0.01777325971549496	0.008935679807590595	0.003136468556435677	0.01711213524216956	0.01714633628194543	0.03161749095533149	0.01487026441518983	0.02612570752724508	0.004255963077155882	0	0	0	0	0	0	0	0	0	0	0	0	0	0	0	0	0	0	0.006965390140370164	0.01058427949710928	0.03441314223952338	0.01455837667582664	0.01400335249752589	0.01777325971549496	0.008935679807590595	0.003136468556435677	0.01711213524216956	0.01714633628194543	0.03161749095533149	0.01487026441518983	0.02612570752724508	0.004255963077155882	0	0	0	0	0	0	0	0	
-0.04882000020074029	0	0	0	0	0	0	0	0	0	0	0.003475766631716544	0.007072313081800009	0.04081027407492026	0.008320903974118441	0.02040318974669783	0.01798365967474381	0.008935679807590595	0.003136468556435677	0.01711213524216956	0.03430581319713797	0.01819439307155411	0.02568193769635626	0.01084171101912084	0.004255963077155882	0	0	0	0	0	0	0	0	0	0	0	0	0	0	0	0	0	0	0.003475766631716544	0.007072313081800009	0.04081027407492026	0.008320903974118441	0.02040318974669783	0.01798365967474381	0.008935679807590595	0.003136468556435677	0.01711213524216956	0.03430581319713797	0.01819439307155411	0.02568193769635626	0.01084171101912084	0.004255963077155882	0	0	0	0	0	0	0	0	
-0.04386246962443646	0	0	0	0	0	0	0	0	0	0	0	0.006632492616513939	0.03109814500751312	0.01755851770809739	0.02402058119846489	0.01422525198163541	0.01366518759360194	0.003136468556435677	0.02053498881441309	0.03408680264301937	0.01863212657501986	0.03223276447137188	0.004224043254202923	0	0	0	0	0	0	0	0	0	0	0	0	0	0	0	0	0	0	0	0	0.006632492616513939	0.03109814500751312	0.01755851770809739	0.02402058119846489	0.01422525198163541	0.01366518759360194	0.003136468556435677	0.02053498881441309	0.03408680264301937	0.01863212657501986	0.03223276447137188	0.004224043254202923	0	0	0	0	0	0	0	0	0	
-0.03890493904813269	0	0	0	0	0	0	0	0	0	0	0	0.006632492616513939	0.02093786522086801	0.02360581052955481	0.02102198195754492	0.01067060003853641	0.02233363211722721	0.01372490410003487	0.01629107690864073	0.03184632467438606	0.01799522432747719	0.02501898953216085	0.004224043254202923	0	0	0	0	0	0	0	0	0	0	0	0	0	0	0	0	0	0	0	0	0.006632492616513939	0.02093786522086801	0.02360581052955481	0.02102198195754492	0.01067060003853641	0.02233363211722721	0.01372490410003487	0.01629107690864073	0.03184632467438606	0.01799522432747719	0.02501898953216085	0.004224043254202923	0	0	0	0	0	0	0	0	0	
-0.03394740847182887	0	0	0	0	0	0	0	0	0	0	0	0.006632492616513939	0.003952074234848551	0.03949544636713691	0.01161083055901095	0.02116180642760802	0.01576270620264229	0.02332735515368903	0.02655963762537134	0.02192514657281334	0.02460500022981009	0.01419832712334432	0.004224043254202923	0	0	0	0	0	0	0	0	0	0	0	0	0	0	0	0	0	0	0	0	0.006632492616513939	0.003952074234848551	0.03949544636713691	0.01161083055901095	0.02116180642760802	0.01576270620264229	0.02332735515368903	0.02655963762537134	0.02192514657281334	0.02460500022981009	0.01419832712334432	0.004224043254202923	0	0	0	0	0	0	0	0	0	
-0.0289898778955251	0	0	0	0	0	0	0	0	0	0	0	0.003309649001277678	0.003539072591629248	0.03647607366158238	0.01463909791962906	0.02763991043605945	0.009570363607008246	0.03331589697603746	0.03661280381824114	0.01512924907851309	0.0280893589173975	0.007220516784948605	0.003991720875221762	0	0	0	0	0	0	0	0	0	0	0	0	0	0	0	0	0	0	0	0	0.003309649001277678	0.003539072591629248	0.03647607366158238	0.01463909791962906	0.02763991043605945	0.009570363607008246	0.03331589697603746	0.03661280381824114	0.01512924907851309	0.0280893589173975	0.007220516784948605	0.003991720875221762	0	0	0	0	0	0	0	0	0	
-0.02403234731922127	0	0	0	0	0	0	0	0	0	0	0	0	0.006625600829518194	0.02701622725854634	0.02022094272569492	0.0318501243574496	0.01612876286765729	0.03976942493233033	0.02718022976837624	0.01829614169106809	0.03131107750290545	0.004045107442548238	0	0	0	0	0	0	0	0	0	0	0	0	0	0	0	0	0	0	0	0	0	0	0.006625600829518194	0.02701622725854634	0.02022094272569492	0.0318501243574496	0.01612876286765729	0.03976942493233033	0.02718022976837624	0.01829614169106809	0.03131107750290545	0.004045107442548238	0	0	0	0	0	0	0	0	0	0	
-0.01907481674291744	0	0	0	0	0	0	0	0	0	0	0	0	0.006625600829518194	0.01392586831004876	0.0325798337313806	0.02539859718595591	0.02492804133239059	0.03957430379116226	0.02456350619632464	0.0248314166259672	0.02085362410510857	0.004045107442548238	0	0	0	0	0	0	0	0	0	0	0	0	0	0	0	0	0	0	0	0	0	0	0.006625600829518194	0.01392586831004876	0.0325798337313806	0.02539859718595591	0.02492804133239059	0.03957430379116226	0.02456350619632464	0.0248314166259672	0.02085362410510857	0.004045107442548238	0	0	0	0	0	0	0	0	0	0	
-0.01411728616661362	0	0	0	0	0	0	0	0	0	0	0	0	0.003306209963005598	0.003442469517797845	0.04277930945332251	0.02183065682437805	0.02729697077670822	0.03898271309719524	0.03546118953225266	0.02480951557055535	0.01011164393005894	0.004045107442548238	0	0	0	0	0	0	0	0	0	0	0	0	0	0	0	0	0	0	0	0	0	0	0.003306209963005598	0.003442469517797845	0.04277930945332251	0.02183065682437805	0.02729697077670822	0.03898271309719524	0.03546118953225266	0.02480951557055535	0.01011164393005894	0.004045107442548238	0	0	0	0	0	0	0	0	0	0	
-0.009159755590309848	0	0	0	0	0	0	0	0	0	0	0	0	0.0032798481559916	0.003465974896255807	0.03618239112329859	0.0180412428214856	0.02957403809216277	0.04560230159916306	0.03203833596000913	0.03141268377723123	0.007450224228987151	0	0	0	0	0	0	0	0	0	0	0	0	0	0	0	0	0	0	0	0	0	0	0	0.0032798481559916	0.003465974896255807	0.03618239112329859	0.0180412428214856	0.02957403809216277	0.04560230159916306	0.03203833596000913	0.03141268377723123	0.007450224228987151	0	0	0	0	0	0	0	0	0	0	0	
-0.004202225014006022	0	0	0	0	0	0	0	0	0	0	0	0	0	0.009669257956570608	0.02361582327972587	0.04100362995298115	0.03446500052890317	0.03652916853484781	0.04189956643854752	0.02438244499002407	0.003937412863674467	0	0	0	0	0	0	0	0	0	0	0	0	0	0	0	0	0	0	0	0	0	0	0	0	0.009669257956570608	0.02361582327972587	0.04100362995298115	0.03446500052890317	0.03652916853484781	0.04189956643854752	0.02438244499002407	0.003937412863674467	0	0	0	0	0	0	0	0	0	0	0	
0.0007553055622978033	0	0	0	0	0	0	0	0	0	0	0	0	0	0.009669257956570608	0.01062966345756505	0.06040693566855141	0.03692440025164656	0.04741443730384098	0.03864945500920225	0.02420723654672919	0.003937412863674467	0	0	0	0	0	0	0	0	0	0	0	0	0	0	0	0	0	0	0	0	0	0	0	0	0.009669257956570608	0.01062966345756505	0.06040693566855141	0.03692440025164656	0.04741443730384098	0.03864945500920225	0.02420723654672919	0.003937412863674467	0	0	0	0	0	0	0	0	0	0	0	
0.005712836138601629	0	0	0	0	0	0	0	0	0	0	0	0	0	0.006440473697481505	0.01022914384164005	0.06060847668214767	0.02603177872918488	0.06699297563891794	0.03485339310353652	0.02481170567609653	0.003720734779458918	0	0	0	0	0	0	0	0	0	0	0	0	0	0	0	0	0	0	0	0	0	0	0	0	0.006440473697481505	0.01022914384164005	0.06060847668214767	0.02603177872918488	0.06699297563891794	0.03485339310353652	0.02481170567609653	0.003720734779458918	0	0	0	0	0	0	0	0	0	0	0	
0.0106703667149054	0	0	0	0	0	0	0	0	0	0	0	0	0.003290832242247432	0.003459564338494545	0.01318536005441981	0.04830118643429653	0.02513542704755118	0.06009731147976552	0.03807151524715988	0.02523220594000425	0	0	0	0	0	0	0	0	0	0	0	0	0	0	0	0	0	0	0	0	0	0	0	0	0.003290832242247432	0.003459564338494545	0.01318536005441981	0.04830118643429653	0.02513542704755118	0.06009731147976552	0.03807151524715988	0.02523220594000425	0	0	0	0	0	0	0	0	0	0	0	0	
0.01562789729120923	0	0	0	0	0	0	0	0	0	0	0	0	0.003314997232010264	0.003444606370384933	0.02656992034109861	0.02803191878118626	0.0269726696248128	0.05991464487952308	0.03785185548520283	0.0219317168894369	0.003512811365312684	0	0	0	0	0	0	0	0	0	0	0	0	0	0	0	0	0	0	0	0	0	0	0	0.003314997232010264	0.003444606370384933	0.02656992034109861	0.02803191878118626	0.0269726696248128	0.05991464487952308	0.03785185548520283	0.0219317168894369	0.003512811365312684	0	0	0	0	0	0	0	0	0	0	0	
0.02058542786751305	0	0	0	0	0	0	0	0	0	0	0	0	0.003314997232010264	0.006874254772660253	0.03315624291408748	0.01530382861483741	0.03024491000295072	0.03799465285042927	0.06035738430008509	0.008515130344131283	0.01756186815904609	0	0	0	0	0	0	0	0	0	0	0	0	0	0	0	0	0	0	0	0	0	0	0	0.003314997232010264	0.006874254772660253	0.03315624291408748	0.01530382861483741	0.03024491000295072	0.03799465285042927	0.06035738430008509	0.008515130344131283	0.01756186815904609	0	0	0	0	0	0	0	0	0	0	0	
0.02554295844381688	0	0	0	0	0	0	0	0	0	0	0	0	0.003314997232010264	0.006874254772660253	0.02995632428950151	0.01742554609863107	0.03127348747612976	0.04053330344243511	0.05112314382169598	0.0111936294210018	0.01776322557064034	0	0	0	0	0	0	0	0	0	0	0	0	0	0	0	0	0	0	0	0	0	0	0	0.003314997232010264	0.006874254772660253	0.02995632428950151	0.01742554609863107	0.03127348747612976	0.04053330344243511	0.05112314382169598	0.0111936294210018	0.01776322557064034	0	0	0	0	0	0	0	0	0	0	0	
0.03050048902012065	0	0	0	0	0	0	0	0	0	0	0	0.0033184454105834	0.003534678957126914	0.01007525994811722	0.02059815167614281	0.01989719193570177	0.03179821509099918	0.03350271508992179	0.05111461334550348	0.0109746188668832	0.01797771498733856	0.003606887469605512	0	0	0	0	0	0	0	0	0	0	0	0	0	0	0	0	0	0	0	0	0	0.0033184454105834	0.003534678957126914	0.01007525994811722	0.02059815167614281	0.01989719193570177	0.03179821509099918	0.03350271508992179	0.05111461334550348	0.0109746188668832	0.01797771498733856	0.003606887469605512	0	0	0	0	0	0	0	0	0	0	
0.03545801959642447	0	0	0	0	0	0	0	0	0	0	0	0.0033184454105834	0.003541269408880414	0.02699485873267547	0.01083098284123106	0.01967350355797405	0.02298362627145538	0.03979848552782345	0.02751291833988403	0.03167768654771473	0.01784858360381616	0.003961958011784747	0	0	0	0	0	0	0	0	0	0	0	0	0	0	0	0	0	0	0	0	0	0.0033184454105834	0.003541269408880414	0.02699485873267547	0.01083098284123106	0.01967350355797405	0.02298362627145538	0.03979848552782345	0.02751291833988403	0.03167768654771473	0.01784858360381616	0.003961958011784747	0	0	0	0	0	0	0	0	0	0	
0.0404155501727283	0	0	0	0	0	0	0	0	0	0	0	0.0033184454105834	0.007067161097002663	0.02699485873267547	0.01063178260897206	0.01715313351981414	0.03113151873152319	0.02687897507431209	0.01770287071850069	0.0448358406391604	0.004569937776182482	0.01803443734802756	0	0	0	0	0	0	0	0	0	0	0	0	0	0	0	0	0	0	0	0	0	0.0033184454105834	0.007067161097002663	0.02699485873267547	0.01063178260897206	0.01715313351981414	0.03113151873152319	0.02687897507431209	0.01770287071850069	0.0448358406391604	0.004569937776182482	0.01803443734802756	0	0	0	0	0	0	0	0	0	0	
0.04537308074903212	0	0	0	0	0	0	0	0	0	0	0	0.0033184454105834	0.007067161097002663	0.02699485873267547	0.01704009646377205	0.0179637270470255	0.01996887822422154	0.02962312559159069	0.01450180952726234	0.05185074868757925	0.007883580397418247	0.01824118728398003	0	0	0	0	0	0	0	0	0	0	0	0	0	0	0	0	0	0	0	0	0	0.0033184454105834	0.007067161097002663	0.02699485873267547	0.01704009646377205	0.0179637270470255	0.01996887822422154	0.02962312559159069	0.01450180952726234	0.05185074868757925	0.007883580397418247	0.01824118728398003	0	0	0	0	0	0	0	0	0	0	
0.05033061132533589	0	0	0	0	0	0	0	0	0	0	0.003485004549674594	0.003544952950205726	0.01387070412386534	0.02077875455683814	0.01322562393115301	0.02862989761273562	0.0156416152145955	0.02607565718460951	0.01450180952726234	0.03120462375081855	0.02457873621960214	0.01868390182074781	0.00376643856833094	0	0	0	0	0	0	0	0	0	0	0	0	0	0	0	0	0	0	0	0.003485004549674594	0.003544952950205726	0.01387070412386534	0.02077875455683814	0.01322562393115301	0.02862989761273562	0.0156416152145955	0.02607565718460951	0.01450180952726234	0.03120462375081855	0.02457873621960214	0.01868390182074781	0.00376643856833094	0	0	0	0	0	0	0	0	0	
0.05528814190163972	0	0	0	0	0	0	0	0	0	0	0.003485004549674594	0.003544952950205726	0.02775239233398652	0.01092145357260384	0.01641282764729692	0.02821352716706421	0.01157323638631087	0.01938756870755077	0.01755358738513181	0.01093300686160066	0.04439930925653153	0.00850820932082646	0.01506575427332376	0	0	0	0	0	0	0	0	0	0	0	0	0	0	0	0	0	0	0	0.003485004549674594	0.003544952950205726	0.02775239233398652	0.01092145357260384	0.01641282764729692	0.02821352716706421	0.01157323638631087	0.01938756870755077	0.01755358738513181	0.01093300686160066	0.04439930925653153	0.00850820932082646	0.01506575427332376	0	0	0	0	0	0	0	0	0	
0.06024567247794355	0	0	0	0	0	0	0	0	0	0	0.003485004549674594	0.00707451218412644	0.02775239233398652	0.01395792109885508	0.01379143735682483	0.02425800793318583	0.01156906083499891	0.006849997509091815	0.01973952190946179	0.01469560818135826	0.04490708012055181	0.01158249097716312	0.0190480883857584	0	0	0	0	0	0	0	0	0	0	0	0	0	0	0	0	0	0	0	0.003485004549674594	0.00707451218412644	0.02775239233398652	0.01395792109885508	0.01379143735682483	0.02425800793318583	0.01156906083499891	0.006849997509091815	0.01973952190946179	0.01469560818135826	0.04490708012055181	0.01158249097716312	0.0190480883857584	0	0	0	0	0	0	0	0	0	
0.06520320305424726	0	0	0	0	0	0	0	0	0	0	0.003485004549674594	0.01370480569831395	0.02508325937381921	0.01333609699601263	0.01738975644592879	0.02429787318862246	0.009439529665900221	0	0.019541188337986	0.014892717680065	0.03469694615221307	0.02163008840807044	0.01951038645302395	0.003794900410463995	0	0	0	0	0	0	0	0	0	0	0	0	0	0	0	0	0	0	0.003485004549674594	0.01370480569831395	0.02508325937381921	0.01333609699601263	0.01738975644592879	0.02429787318862246	0.009439529665900221	0	0.019541188337986	0.014892717680065	0.03469694615221307	0.02163008840807044	0.01951038645302395	0.003794900410463995	0	0	0	0	0	0	0	0	
0.07016073363055109	0	0	0	0	0	0	0	0	0	0.003675951143223242	0.003722880937094398	0.0207221412219532	0.01827971634695653	0.0131202748847168	0.02734552975606448	0.01429833828326922	0.006950901083973121	0	0.019541188337986	0.014892717680065	0.01452399764499375	0.04172078870606002	0.00886110407103902	0.01517723721792423	0	0	0	0	0	0	0	0	0	0	0	0	0	0	0	0	0	0.003675951143223242	0.003722880937094398	0.0207221412219532	0.01827971634695653	0.0131202748847168	0.02734552975606448	0.01429833828326922	0.006950901083973121	0	0.019541188337986	0.014892717680065	0.01452399764499375	0.04172078870606002	0.00886110407103902	0.01517723721792423	0	0	0	0	0	0	0	0	
0.07511826420685491	0	0	0	0	0	0	0	0	0	0.003675951143223242	0.007429595517762207	0.02778125968979463	0.01101484169734888	0.01353482428661176	0.02719507000616673	0.01425182881859315	0.004711413730326194	0	0.01308575047930613	0.01780336794430123	0.01425479154036231	0.04218372878004054	0.008884570978006814	0.01897213762838822	0	0	0	0	0	0	0	0	0	0	0	0	0	0	0	0	0	0.003675951143223242	0.007429595517762207	0.02778125968979463	0.01101484169734888	0.01353482428661176	0.02719507000616673	0.01425182881859315	0.004711413730326194	0	0.01308575047930613	0.01780336794430123	0.01425479154036231	0.04218372878004054	0.008884570978006814	0.01897213762838822	0	0	0	0	0	0	0	0	
0.08007579478315874	0	0	0	0	0	0	0	0	0	0.003675951143223242	0.007429595517762207	0.03078743257002492	0.01134656110227502	0.01390663663676498	0.03342961344559185	0.007930971095475072	0.002233919951897649	0	0	0.02358305646749117	0.01488293911783567	0.03540592653185971	0.01927806407404278	0.01942137817542134	0.004052651646184574	0	0	0	0	0	0	0	0	0	0	0	0	0	0	0	0	0.003675951143223242	0.007429595517762207	0.03078743257002492	0.01134656110227502	0.01390663663676498	0.03342961344559185	0.007930971095475072	0.002233919951897649	0	0	0.02358305646749117	0.01488293911783567	0.03540592653185971	0.01927806407404278	0.01942137817542134	0.004052651646184574	0	0	0	0	0	0	0	
0.08503332535946251	0	0	0	0	0	0	0	0	0.003810529080220601	0.0002338577268054547	0.01417096614764964	0.02510935036318175	0.01370813964727902	0.02096466073191475	0.023442052864351	0.01126636413367263	0	0	0	0.02006793707388759	0.01488293911783567	0.0288303796558063	0.0292444594632649	0.01231864868443452	0.01235490623350849	0	0	0	0	0	0	0	0	0	0	0	0	0	0	0	0.003810529080220601	0.0002338577268054547	0.01417096614764964	0.02510935036318175	0.01370813964727902	0.02096466073191475	0.023442052864351	0.01126636413367263	0	0	0	0.02006793707388759	0.01488293911783567	0.0288303796558063	0.0292444594632649	0.01231864868443452	0.01235490623350849	0	0	0	0	0	0	0	
0.08999085593576633	0	0	0	0	0	0	0	0	0.003810529080220601	0.003926860995941594	0.02176222522967773	0.02161497676648392	0.01038655196351526	0.02742222925009295	0.02042650041217495	0.00395551923387838	0	0	0	0.01343848760071748	0.01779167824836561	0.01824343456589255	0.04028094581021843	0.008949344581686117	0.02026325823092287	0	0	0	0	0	0	0	0	0	0	0	0	0	0	0	0.003810529080220601	0.003926860995941594	0.02176222522967773	0.02161497676648392	0.01038655196351526	0.02742222925009295	0.02042650041217495	0.00395551923387838	0	0	0	0.01343848760071748	0.01779167824836561	0.01824343456589255	0.04028094581021843	0.008949344581686117	0.02026325823092287	0	0	0	0	0	0	0	
0.09494838651207016	0	0	0	0	0	0	0	0	0.003810529080220601	0.00783666986597029	0.02917334491152384	0.01105268829263894	0.01740538308099226	0.03067238203505293	0.01059151873223886	0.003762837165934696	0	0	0	0.003515119393603578	0.02708694919446092	0.01526803331370707	0.02234988219612702	0.02613634214160062	0.0212151894898709	0.004083886333102634	0	0	0	0	0	0	0	0	0	0	0	0	0	0	0.003810529080220601	0.00783666986597029	0.02917334491152384	0.01105268829263894	0.01740538308099226	0.03067238203505293	0.01059151873223886	0.003762837165934696	0	0	0	0.003515119393603578	0.02708694919446092	0.01526803331370707	0.02234988219612702	0.02613634214160062	0.0212151894898709	0.004083886333102634	0	0	0	0	0	0	
0.09990591708837399	0	0	0	0	0	0	0	0	0.003810529080220601	0.0151812640984541	0.02636732733176597	0.01372459761925182	0.01802708236307238	0.02706751172063644	0.007378885199210828	0.003554651943098992	0	0	0	0	0.02005476046128356	0.01888615719287522	0.02633690968995522	0.02567291505097698	0.01740998947068077	0.0122516589993079	0	0	0	0	0	0	0	0	0	0	0	0	0	0	0.003810529080220601	0.0151812640984541	0.02636732733176597	0.01372459761925182	0.01802708236307238	0.02706751172063644	0.007378885199210828	0.003554651943098992	0	0	0	0	0.02005476046128356	0.01888615719287522	0.02633690968995522	0.02567291505097698	0.01740998947068077	0.0122516589993079	0	0	0	0	0	0	
0.1048634476646778	0	0	0	0	0	0	0	0.004127089185057147	0.0002499949495969778	0.02641617905706616	0.02290772705647601	0.01039955490168913	0.01781399108970923	0.02363786331836112	0.0107801232074628	0	0	0	0	0	0.0198971764000359	0.01202745279584343	0.02239446931936583	0.0367928008020126	0.0136123645012966	0.01633554533241054	0	0	0	0	0	0	0	0	0	0	0	0	0	0.004127089185057147	0.0002499949495969778	0.02641617905706616	0.02290772705647601	0.01039955490168913	0.01781399108970923	0.02363786331836112	0.0107801232074628	0	0	0	0	0	0.0198971764000359	0.01202745279584343	0.02239446931936583	0.0367928008020126	0.0136123645012966	0.01633554533241054	0	0	0	0	0	0	
0.1098209782409816	0	0	0	0	0	0	0	0.004127089185057147	0.00812357326114624	0.02295459749674792	0.01898854036277304	0.01039955490168913	0.03171764747234207	0.01716747368466039	0.00378480441292089	0	0	0	0	0	0.006819887983996463	0.02462571519746866	0.01948691954605615	0.01872387311555413	0.02791153351833288	0.02137869967023572	0.004385665295861626	0	0	0	0	0	0	0	0	0	0	0	0	0.004127089185057147	0.00812357326114624	0.02295459749674792	0.01898854036277304	0.01039955490168913	0.03171764747234207	0.01716747368466039	0.00378480441292089	0	0	0	0	0	0.006819887983996463	0.02462571519746866	0.01948691954605615	0.01872387311555413	0.02791153351833288	0.02137869967023572	0.004385665295861626	0	0	0	0	0	
0.1147785088172854	0	0	0	0	0	0	0	0.004127089185057147	0.0157370558170542	0.02781201736393622	0.01092614746488436	0.01762360604401284	0.03156387026476042	0.007440520708238422	0.003401238008251975	0	0	0	0	0	0	0.02059184416448306	0.02349037387476181	0.02274339379953468	0.02741663026434399	0.01754417212881163	0.01315699588758488	0	0	0	0	0	0	0	0	0	0	0	0	0.004127089185057147	0.0157370558170542	0.02781201736393622	0.01092614746488436	0.01762360604401284	0.03156387026476042	0.007440520708238422	0.003401238008251975	0	0	0	0	0	0	0.02059184416448306	0.02349037387476181	0.02274339379953468	0.02741663026434399	0.01754417212881163	0.01315699588758488	0	0	0	0	0	
0.1197360393935892	0	0	0	0	0	0	0.00439777575715185	0.0002707633063755186	0.02738328518615786	0.02049178331132797	0.01417789458611818	0.01451627445676675	0.02782708412052618	0.01087016911051374	0	0	0	0	0	0	0	0.02059184416448306	0.01240226033247914	0.02254951103713091	0.02738380504851819	0.02548803077799943	0.0177967838454497	0	0	0	0	0	0	0	0	0	0	0	0.00439777575715185	0.0002707633063755186	0.02738328518615786	0.02049178331132797	0.01417789458611818	0.01451627445676675	0.02782708412052618	0.01087016911051374	0	0	0	0	0	0	0	0.02059184416448306	0.01240226033247914	0.02254951103713091	0.02738380504851819	0.02548803077799943	0.0177967838454497	0	0	0	0	0	
0.124693569969893	0	0	0	0	0	0	0.00439777575715185	0.004408792423003394	0.02784792226419668	0.02003137591167973	0.01092152850590534	0.0282210801550807	0.01764922979587174	0.007246067122813465	0	0	0	0	0	0	0	0.007018261412821193	0.02570564989252157	0.01963181190534738	0.01999560647111255	0.02404276757725034	0.02734414493189239	0.004572897108390483	0	0	0	0	0	0	0	0	0	0	0.00439777575715185	0.004408792423003394	0.02784792226419668	0.02003137591167973	0.01092152850590534	0.0282210801550807	0.01764922979587174	0.007246067122813465	0	0	0	0	0	0	0	0.007018261412821193	0.02570564989252157	0.01963181190534738	0.01999560647111255	0.02404276757725034	0.02734414493189239	0.004572897108390483	0	0	0	0	
0.1296511005461968	0	0	0	0	0	0	0.00439777575715185	0.008798439965758013	0.03595381911476535	0.01200226062469245	0.01503009251774835	0.02783843635028182	0.01450558430945247	0.003630512545461539	0	0	0	0	0	0	0	0	0.02904264406334188	0.02365369701325969	0.01619040645192242	0.02378068639824126	0.02271801948273742	0.01398366293332118	0	0	0	0	0	0	0	0	0	0	0.00439777575715185	0.008798439965758013	0.03595381911476535	0.01200226062469245	0.01503009251774835	0.02783843635028182	0.01450558430945247	0.003630512545461539	0	0	0	0	0	0	0	0	0.02904264406334188	0.02365369701325969	0.01619040645192242	0.02378068639824126	0.02271801948273742	0.01398366293332118	0	0	0	0	
0.1346086311225007	0	0	0	0	0	0	0.00439777575715185	0.02143406092994888	0.02883275085351811	0.01129337939031342	0.01895158869094083	0.02785602916889326	0.007649317668561788	0.003429648402275321	0	0	0	0	0	0	0	0	0.02150272685458966	0.02008578130024401	0.01597578004075377	0.01991562512722387	0.02632218928039567	0.02824939241725336	0	0	0	0	0	0	0	0	0	0	0.00439777575715185	0.02143406092994888	0.02883275085351811	0.01129337939031342	0.01895158869094083	0.02785602916889326	0.007649317668561788	0.003429648402275321	0	0	0	0	0	0	0	0	0.02150272685458966	0.02008578130024401	0.01597578004075377	0.01991562512722387	0.02632218928039567	0.02824939241725336	0	0	0	0	
0.1395661616988045	0	0	0	0	0	0.004786844267365396	0.0002885220675666224	0.0340478020309983	0.02099957576614614	0.0115199290631562	0.02592852622875856	0.01776434859290438	0.01087863902777656	0	0	0	0	0	0	0	0	0	0.007345141880919527	0.02588334878090302	0.02096521284627446	0.02014971705410577	0.02581940895987321	0.02393861775993572	0.009700578890887381	0	0	0	0	0	0	0	0	0.004786844267365396	0.0002885220675666224	0.0340478020309983	0.02099957576614614	0.0115199290631562	0.02592852622875856	0.01776434859290438	0.01087863902777656	0	0	0	0	0	0	0	0	0	0.007345141880919527	0.02588334878090302	0.02096521284627446	0.02014971705410577	0.02581940895987321	0.02393861775993572	0.009700578890887381	0	0	0	
0.1445236922751083	0	0	0	0	0	0.004786844267365396	0.01338858968081882	0.02663326340893738	0.01649461627037838	0.0154297379331849	0.03314103067450658	0.01452067266141961	0.003732392509731901	0	0	0	0	0	0	0	0	0	0	0.02926211057937844	0.02143486593424352	0.01993343646948663	0.01702895085595617	0.02367934446593975	0.02453711400976406	0	0	0	0	0	0	0	0	0.004786844267365396	0.01338858968081882	0.02663326340893738	0.01649461627037838	0.0154297379331849	0.03314103067450658	0.01452067266141961	0.003732392509731901	0	0	0	0	0	0	0	0	0	0	0.02926211057937844	0.02143486593424352	0.01993343646948663	0.01702895085595617	0.02367934446593975	0.02453711400976406	0	0	0	
0.1494812228514121	0	0	0	0	0	0.004786844267365396	0.02362092280431792	0.03049505925340437	0.01170683420536959	0.01998996360589127	0.02925186721416727	0.007657274300630483	0.003525891688122249	0	0	0	0	0	0	0	0	0	0	0.02166521648665519	0.02550014266343801	0.0120150225949599	0.0213872911343981	0.02287303301318305	0.03482111818140596	0	0	0	0	0	0	0	0	0.004786844267365396	0.02362092280431792	0.03049505925340437	0.01170683420536959	0.01998996360589127	0.02925186721416727	0.007657274300630483	0.003525891688122249	0	0	0	0	0	0	0	0	0	0	0.02166521648665519	0.02550014266343801	0.0120150225949599	0.0213872911343981	0.02287303301318305	0.03482111818140596	0	0	0	
0.1544387534277159	0	0	0	0	0.005181347150259068	0.0003140474370239723	0.03628092140542305	0.02274411773554356	0.01194167794590008	0.02735160996428797	0.01855435821874466	0.01098671522284603	0	0	0	0	0	0	0	0	0	0	0	0.007367544971343182	0.02361648027835783	0.02521577168912592	0.01751260366428484	0.02207241987458011	0.02997536312933601	0.01623772989389894	0	0	0	0	0	0	0.005181347150259068	0.0003140474370239723	0.03628092140542305	0.02274411773554356	0.01194167794590008	0.02735160996428797	0.01855435821874466	0.01098671522284603	0	0	0	0	0	0	0	0	0	0	0	0.007367544971343182	0.02361648027835783	0.02521577168912592	0.01751260366428484	0.02207241987458011	0.02997536312933601	0.01623772989389894	0	0	
0.1593962840040197	0	0	0	0	0.005181347150259068	0.01498545547981056	0.02802744165442634	0.01783755842607205	0.02004757479646876	0.0270568517877936	0.01903472995256329	0.003736274852605167	0	0	0	0	0	0	0	0	0	0	0	0.003572644560879188	0.0276691319245424	0.02136088832797297	0.01263508805486863	0.01830298506186944	0.02881455842565862	0.03280299345925183	0	0	0	0	0	0	0.005181347150259068	0.01498545547981056	0.02802744165442634	0.01783755842607205	0.02004757479646876	0.0270568517877936	0.01903472995256329	0.003736274852605167	0	0	0	0	0	0	0	0	0	0	0	0.003572644560879188	0.0276691319245424	0.02136088832797297	0.01263508805486863	0.01830298506186944	0.02881455842565862	0.03280299345925183	0	0	
0.1643538145803235	0	0	0	0	0.005191648039225785	0.03502104752267327	0.02832470681494952	0.01320996737165409	0.02047685905335246	0.02303742210832485	0.01174832216315087	0.003529559233920713	0	0	0	0	0	0	0	0	0	0	0	0	0.01932647707158675	0.02929456906729634	0.01316519339281079	0.02229180496949977	0.01486374147911912	0.03217770190465793	0.01774666526853221	0	0	0	0	0	0.005191648039225785	0.03502104752267327	0.02832470681494952	0.01320996737165409	0.02047685905335246	0.02303742210832485	0.01174832216315087	0.003529559233920713	0	0	0	0	0	0	0	0	0	0	0	0	0.01932647707158675	0.02929456906729634	0.01316519339281079	0.02229180496949977	0.01486374147911912	0.03217770190465793	0.01774666526853221	0	
0.1693113451566273	0	0	0	0.005492405629988754	0.0003399293359016883	0.03948749996034755	0.02423585367559628	0.01293373409949321	0.0283529625664128	0.01957096851203149	0.01153585005011571	0	0	0	0	0	0	0	0	0	0	0	0	0	0.007867951731782636	0.02380104221797012	0.02293935212383698	0.02232029654026856	0.01426822448270129	0.03746786696177781	0.02392256263582093	0	0	0	0	0.005492405629988754	0.0003399293359016883	0.03948749996034755	0.02423585367559628	0.01293373409949321	0.0283529625664128	0.01957096851203149	0.01153585005011571	0	0	0	0	0	0	0	0	0	0	0	0	0	0.007867951731782636	0.02380104221797012	0.02293935212383698	0.02232029654026856	0.01426822448270129	0.03746786696177781	0.02392256263582093	0	
0.1742688757329311	0	0	0	0.005492405629988754	0.02173487571977462	0.03050701213999537	0.01433867244876547	0.0345947986095347	0.01242904183753864	0.02366347873112695	0.003921496173192486	0	0	0	0	0	0	0	0	0	0	0	0	0	0	0.03148281968814884	0.01882693700217234	0.01345371971702172	0.02365139583742688	0.01626750568221294	0.04097136596530939	0.01247879586986992	0	0	0	0.005492405629988754	0.02173487571977462	0.03050701213999537	0.01433867244876547	0.0345947986095347	0.01242904183753864	0.02366347873112695	0.003921496173192486	0	0	0	0	0	0	0	0	0	0	0	0	0	0	0.03148281968814884	0.01882693700217234	0.01345371971702172	0.02365139583742688	0.01626750568221294	0.04097136596530939	0.01247879586986992	
0.1792264063092349	0	0	0.01136004811668296	0.006198520071484988	0.04825279754976187	0.02666865457636904	0.01378202886386421	0.02217797627675839	0.02388083069028909	0.01239202350270154	0.003704405101178296	0	0	0	0	0	0.002229744400585691	3.528786595592753e-05	0.003422853572243536	0.003515119393603578	0.003512811365312684	0.003606887469605512	0.00376643856833094	0.003794900410463995	0.004052651646184574	0.01201247811749379	0.04310248247783258	0.01934577655200709	0.02368162512658515	0.02092576234289136	0.04677844510574597	0.02498025985212835	0	0	0.01136004811668296	0.006198520071484988	0.04825279754976187	0.02666865457636904	0.01378202886386421	0.02217797627675839	0.02388083069028909	0.01239202350270154	0.003704405101178296	0	0	0	0	0	0.002229744400585691	3.528786595592753e-05	0.003422853572243536	0.003515119393603578	0.003512811365312684	0.003606887469605512	0.00376643856833094	0.003794900410463995	0.004052651646184574	0.01201247811749379	0.04310248247783258	0.01934577655200709	0.02368162512658515	0.02092576234289136	0.04677844510574597	0.02498025985212835	
0.1841839368855387	0.0316451007988273	0.01828971763776177	0.01808134726712277	0.0292163949581973	0.03790040413821046	0.04105456494913383	0.04184444289011681	0.03484641703566144	0.02904991818347104	0.0121800899377841	0.003706714580667809	0.003529559233920713	0.003525891688122249	0.003425374697101146	5.721708798928557e-05	0	0.006700368005255627	0.009959481226855312	0.006845707144487073	0.007030238787207156	0.007025622730625368	0.007213774939211024	0.007525837064571541	0.003794900410463995	0.004052651646184574	0.01201247811749379	0.0299454865902477	0.02849157076878805	0.01882982421668354	0.02655338633423653	0.03450258353552045	0.05490972424241279	0.0316451007988273	0.01828971763776177	0.01808134726712277	0.0292163949581973	0.03790040413821046	0.04105456494913383	0.04184444289011681	0.03484641703566144	0.02904991818347104	0.0121800899377841	0.003706714580667809	0.003529559233920713	0.003525891688122249	0.003425374697101146	5.721708798928557e-05	0	0.006700368005255627	0.009959481226855312	0.006845707144487073	0.007030238787207156	0.007025622730625368	0.007213774939211024	0.007525837064571541	0.003794900410463995	0.004052651646184574	0.01201247811749379	0.0299454865902477	0.02849157076878805	0.01882982421668354	0.02655338633423653	0.03450258353552045	0.05490972424241279	
0.1891414674618425	0.02502914218658017	0.01254901066836874	0.01172092323885422	0.04602483047793756	0.03888242221970423	0.02550128632561326	0.02363258026159334	0.02172943908235854	0.02837316417850145	0.0156441075160899	0.01111783426251392	0.007259236779546589	0.007051783376244497	0.006863570509724816	0.01015285439098767	0.01421639303598282	0.002236703652772288	0	0	0	0	0	7.040072090338205e-06	0.003794900410463995	0.004052651646184574	0.004083886333102634	0.03407156422062219	0.02795877839541172	0.01968531309986246	0.03590298386483116	0.01296649177933099	0.04852109456758687	0.02502914218658017	0.01254901066836874	0.01172092323885422	0.04602483047793756	0.03888242221970423	0.02550128632561326	0.02363258026159334	0.02172943908235854	0.02837316417850145	0.0156441075160899	0.01111783426251392	0.007259236779546589	0.007051783376244497	0.006863570509724816	0.01015285439098767	0.01421639303598282	0.002236703652772288	0	0	0	0	0	7.040072090338205e-06	0.003794900410463995	0.004052651646184574	0.004083886333102634	0.03407156422062219	0.02795877839541172	0.01968531309986246	0.03590298386483116	0.01296649177933099	0.04852109456758687	
0.1940989980381463	0.04416357051239566	0.01218428011306647	0.01810766107811443	0.03433390477646382	0.02822100213915128	0.03027226961131078	0.02311382341283719	0.01828609562047189	0.01239621421789459	0.007819617740057393	0.003706714580667809	0.006874393872421278	0.01057547824711558	0.01047912508707674	0.01359859457878687	0.01066395582929698	0.004467839903795298	0	0	0	0	0	0	0	0	0.003847249928754631	0.01289740822209774	0.0406375273875224	0.02537748824836384	0.02591486109594751	0.02902093224230634	0.0303223783383518	0.04416357051239566	0.01218428011306647	0.01810766107811443	0.03433390477646382	0.02822100213915128	0.03027226961131078	0.02311382341283719	0.01828609562047189	0.01239621421789459	0.007819617740057393	0.003706714580667809	0.006874393872421278	0.01057547824711558	0.01047912508707674	0.01359859457878687	0.01066395582929698	0.004467839903795298	0	0	0	0	0	0	0	0	0.003847249928754631	0.01289740822209774	0.0406375273875224	0.02537748824836384	0.02591486109594751	0.02902093224230634	0.0303223783383518	
0.1990565286144502	0.03759049672320965	0.0484179812163764	0.04257574618449741	0.05769391758843719	0.04443460137276514	0.04061680185510042	0.03277494112984076	0.03511991532492964	0.02050211106846326	0.01172942661008609	0.01112014374200343	0.0105710848831507	0.007051783376244497	0.006662706366538598	0.003399118856844965	0.0002015410135962668	0.01116959975948824	0.003331589697603746	0.003422853572243536	0.003515119393603578	0.003512811365312684	0	0	0	0.01192565341117118	0.008399320115621056	0.008771330591723253	0.03552329043452494	0.02509635585919197	0.02154774547656149	0.0276396718240954	0.02532028153795586	0.03759049672320965	0.0484179812163764	0.04257574618449741	0.05769391758843719	0.04443460137276514	0.04061680185510042	0.03277494112984076	0.03511991532492964	0.02050211106846326	0.01172942661008609	0.01112014374200343	0.0105710848831507	0.007051783376244497	0.006662706366538598	0.003399118856844965	0.0002015410135962668	0.01116959975948824	0.003331589697603746	0.003422853572243536	0.003515119393603578	0.003512811365312684	0	0	0	0.01192565341117118	0.008399320115621056	0.008771330591723253	0.03552329043452494	0.02509635585919197	0.02154774547656149	0.0276396718240954	0.02532028153795586	
0.204014059190754	0.08758250455163917	0.08156287042947023	0.08939553417036313	0.0653228653687264	0.07052331949580583	0.036480257836118	0.03213960970833042	0.02682471221142512	0.01215884527585301	0.007817181722069836	0.003706714580667809	0.003529559233920713	0	0	0	0.003158214125145896	0.0114173491373311	0	0	0.003515119393603578	0.003512811365312684	0.007213774939211024	0.01484985872922005	0.01517723721792423	0.004282428156965132	0.004083886333102634	0.01315699588758488	0.0225966647767258	0.05738123668021947	0.02777419365511035	0.02865211401545421	0.04254426893448537	0.08758250455163917	0.08156287042947023	0.08939553417036313	0.0653228653687264	0.07052331949580583	0.036480257836118	0.03213960970833042	0.02682471221142512	0.01215884527585301	0.007817181722069836	0.003706714580667809	0.003529559233920713	0	0	0	0.003158214125145896	0.0114173491373311	0	0	0.003515119393603578	0.003512811365312684	0.007213774939211024	0.01484985872922005	0.01517723721792423	0.004282428156965132	0.004083886333102634	0.01315699588758488	0.0225966647767258	0.05738123668021947	0.02777419365511035	0.02865211401545421	0.04254426893448537	
0.2089715897670578	0.01989076065980249	0.07087550530379017	0.07819336891963011	0.05363193966725267	0.03319289788042042	0.04064535162210259	0.04322293721293512	0.03075488262820916	0.01620421809660411	0.01172942661008609	0.01112014374200343	0.007243843063261576	0.007073751548756162	0.006859296804550641	0.003611033997546023	0	0.01327686132158983	0.006847921752270878	0.006845707144487073	0.003515119393603578	0.007025622730625368	0.01782768741207509	0.01151286455839974	0.01138470123139198	0.01215795493855372	0.0122516589993079	0.004385665295861626	0.009236967243241087	0.03818563806472091	0.04243380676836753	0.0467061278063632	0.05235200556124357	0.01989076065980249	0.07087550530379017	0.07819336891963011	0.05363193966725267	0.03319289788042042	0.04064535162210259	0.04322293721293512	0.03075488262820916	0.01620421809660411	0.01172942661008609	0.01112014374200343	0.007243843063261576	0.007073751548756162	0.006859296804550641	0.003611033997546023	0	0.01327686132158983	0.006847921752270878	0.006845707144487073	0.003515119393603578	0.007025622730625368	0.01782768741207509	0.01151286455839974	0.01138470123139198	0.01215795493855372	0.0122516589993079	0.004385665295861626	0.009236967243241087	0.03818563806472091	0.04243380676836753	0.0467061278063632	0.05235200556124357	
0.2139291203433615	0.04308755131558941	0.07277134433603842	0.07306969400796932	0.04635604910771157	0.02238726535433341	0.02062879275724133	0.009629059709496166	0.00877929508550924	0.008113472455101916	0.01172942661008609	0.007413429161335619	0.0103973557993627	0.01055570689185508	0.01028894520682596	0.01339303689230685	0.01401263728597341	0.006842336749862207	0.01351317690429931	0.01369141428897415	0.01737410725822877	0.01404905679373341	0.003811390123645451	0.00376643856833094	0.003794900410463995	0.004060226695990526	0.008167772666205268	0.01754266118344651	0.02257387152011078	0.02397484923142032	0.05780473038023682	0.01848791758720562	0.03600074049167136	0.04308755131558941	0.07277134433603842	0.07306969400796932	0.04635604910771157	0.02238726535433341	0.02062879275724133	0.009629059709496166	0.00877929508550924	0.008113472455101916	0.01172942661008609	0.007413429161335619	0.0103973557993627	0.01055570689185508	0.01028894520682596	0.01339303689230685	0.01401263728597341	0.006842336749862207	0.01351317690429931	0.01369141428897415	0.01737410725822877	0.01404905679373341	0.003811390123645451	0.00376643856833094	0.003794900410463995	0.004060226695990526	0.008167772666205268	0.01754266118344651	0.02257387152011078	0.02397484923142032	0.05780473038023682	0.01848791758720562	0.03600074049167136	
0.2188866509196654	0.06219079067917864	0.07206467888514027	0.05609352680249605	0.05197584651838263	0.02296411513646961	0.04071196774510768	0.01428038516238838	0	0	0	0.007413429161335619	0.007065715774820718	0.007051783376244497	0.006852886246789379	0.003401238008251975	0.007109303886197984	0.01984221983442547	0.003829771334628606	0.006649506192059406	0.003714418997851506	0.003512811365312684	0.007220516784948605	0.01129931570499282	0.01138470123139198	0.02000570653752048	0.01633554533241054	0.008771330591723253	0.004854963659001485	0.009703601819803207	0.03154910192914024	0.03996253963891972	0.02422465610584497	0.06219079067917864	0.07206467888514027	0.05609352680249605	0.05197584651838263	0.02296411513646961	0.04071196774510768	0.01428038516238838	0	0	0	0.007413429161335619	0.007065715774820718	0.007051783376244497	0.006852886246789379	0.003401238008251975	0.007109303886197984	0.01984221983442547	0.003829771334628606	0.006649506192059406	0.003714418997851506	0.003512811365312684	0.007220516784948605	0.01129931570499282	0.01138470123139198	0.02000570653752048	0.01633554533241054	0.008771330591723253	0.004854963659001485	0.009703601819803207	0.03154910192914024	0.03996253963891972	0.02422465610584497	
0.2238441814959692	0.0485534169457429	0.05561761040697851	0.02453199007593414	0.03599363769049621	0.03276369417347384	0.01558182839052275	0.01432118626285235	0.00438964754275462	0.004052948425284338	0.003909808870028697	0.003706714580667809	0.003529559233920713	0.007051783376244497	0.006863570509724816	0.006802476016503951	0.007102659676958546	0.01748164149273176	0.01360035869077866	0.01046262905011015	0.007036809103830714	0.01053843409593805	0.01058919237182628	0.01129931570499282	0.01138470123139198	0.004302628289781005	0.004083886333102634	0.004385665295861626	0.004572897108390483	0	0.01030903959849004	0.02902093224230634	0.04175844103835067	0.0485534169457429	0.05561761040697851	0.02453199007593414	0.03599363769049621	0.03276369417347384	0.01558182839052275	0.01432118626285235	0.00438964754275462	0.004052948425284338	0.003909808870028697	0.003706714580667809	0.003529559233920713	0.007051783376244497	0.006863570509724816	0.006802476016503951	0.007102659676958546	0.01748164149273176	0.01360035869077866	0.01046262905011015	0.007036809103830714	0.01053843409593805	0.01058919237182628	0.01129931570499282	0.01138470123139198	0.004302628289781005	0.004083886333102634	0.004385665295861626	0.004572897108390483	0	0.01030903959849004	0.02902093224230634	0.04175844103835067	
0.228801712072273	0.03691993403534489	0.01927373028175436	0.02345312382527629	0.03562602140909869	0.0386729708107143	0.01017640583811013	0.01361882446200835	0.01365850456605394	0.008105896850568676	0.003909808870028697	0.003706714580667809	0.003529559233920713	0.003525891688122249	0.003429648402275321	0.01001299039812498	0.01047348849776644	0.02232945656591525	0.01350902539065743	0.01026216285958623	0.01053878786418718	0.01053843409593805	0.003829368378945665	0	0	0	0	0	0	9.068786747479632e-06	0.01030242275664248	0.0290353957021829	0.04809040043220535	0.03691993403534489	0.01927373028175436	0.02345312382527629	0.03562602140909869	0.0386729708107143	0.01017640583811013	0.01361882446200835	0.01365850456605394	0.008105896850568676	0.003909808870028697	0.003706714580667809	0.003529559233920713	0.003525891688122249	0.003429648402275321	0.01001299039812498	0.01047348849776644	0.02232945656591525	0.01350902539065743	0.01026216285958623	0.01053878786418718	0.01053843409593805	0.003829368378945665	0	0	0	0	0	0	9.068786747479632e-06	0.01030242275664248	0.0290353957021829	0.04809040043220535	
0.2337592426485768	0.03918113379674933	0.03585757271815446	0.03053905721374333	0.01784576859101051	0.02723555042800194	0.02525385501159438	0.0006790468862931618	0.008286998164826479	0.01215884527585301	0.01195597628292887	0.01112014374200343	0.01058867770176214	0.01037996151176176	0.01028894520682596	0.006993199643134903	0.003760622429521551	0.01746633113792124	0.003736362277686445	0.007044040715962867	0.01054535818081073	0.003512811365312684	0.007207033093473444	0.00376643856833094	0	0	0	8.197505225909582e-06	0.004572897108390483	0.004842732123154124	0.01529152150969864	0.01230478848997863	0.05925444578354219	0.03918113379674933	0.03585757271815446	0.03053905721374333	0.01784576859101051	0.02723555042800194	0.02525385501159438	0.0006790468862931618	0.008286998164826479	0.01215884527585301	0.01195597628292887	0.01112014374200343	0.01058867770176214	0.01037996151176176	0.01028894520682596	0.006993199643134903	0.003760622429521551	0.01746633113792124	0.003736362277686445	0.007044040715962867	0.01054535818081073	0.003512811365312684	0.007207033093473444	0.00376643856833094	0	0	0	8.197505225909582e-06	0.004572897108390483	0.004842732123154124	0.01529152150969864	0.01230478848997863	0.05925444578354219	
0.2387167732248806	0.01829232634570625	0.01253761283851555	0.01772047214495151	0.01720153015727425	0.0006523896345587958	0.01547714591151476	0.01818271898533492	0.009050058391884759	0.004052948425284338	0.007593068067214609	0.007413429161335619	0.003731876647952306	0.003723605240727234	0.003429648402275321	0.003401238008251975	0.003554651943098992	0.01308756966211439	0.007070027732111127	0.006651638811107533	0.0001971094987067427	0.003512811365312684	6.741845737580397e-06	0.00376643856833094	0.007589800820927989	0.008105303292369147	0.008167772666205268	0.004377467790635717	0	0.01397197744895029	0.01656857198627667	0.03922128732024632	0.007529591331713823	0.01829232634570625	0.01253761283851555	0.01772047214495151	0.01720153015727425	0.0006523896345587958	0.01547714591151476	0.01818271898533492	0.009050058391884759	0.004052948425284338	0.007593068067214609	0.007413429161335619	0.003731876647952306	0.003723605240727234	0.003429648402275321	0.003401238008251975	0.003554651943098992	0.01308756966211439	0.007070027732111127	0.006651638811107533	0.0001971094987067427	0.003512811365312684	6.741845737580397e-06	0.00376643856833094	0.007589800820927989	0.008105303292369147	0.008167772666205268	0.004377467790635717	0	0.01397197744895029	0.01656857198627667	0.03922128732024632	0.007529591331713823	
0.2436743038011845	0.0003508758250455164	0	0	0.005474206804176995	0.01071635815504211	0.0006027173033793408	0.01403266419528572	0.01289817932188834	0.004302943374881315	0.003909808870028697	0.003706714580667809	0.003333839126868412	0.003626945281675908	0.006859296804550641	0.003598319089103959	0.003554651943098992	0.006428957169978343	0.0004068483369036351	0	0.006830939182959227	0.007023434063108039	0.007416030311338436	0.003825105835750425	0.003794900410463995	0	0	0.0128919432186138	0.02259096646257205	0.01999062892036094	0.02557078531987468	0.01234456300463915	0.006067498082655494	0.0003508758250455164	0	0	0.005474206804176995	0.01071635815504211	0.0006027173033793408	0.01403266419528572	0.01289817932188834	0.004302943374881315	0.003909808870028697	0.003706714580667809	0.003333839126868412	0.003626945281675908	0.006859296804550641	0.003598319089103959	0.003554651943098992	0.006428957169978343	0.0004068483369036351	0	0.006830939182959227	0.007023434063108039	0.007416030311338436	0.003825105835750425	0.003794900410463995	0	0	0.0128919432186138	0.02259096646257205	0.01999062892036094	0.02557078531987468	0.01234456300463915	0.006067498082655494	
0.2486318343774881	0	0	0	0	0.005164179001981204	0.009900424757089066	0.004945676249096547	0.009047323408992078	0.01190885032625603	0.003909808870028697	0.003706714580667809	0.003738473954931597	0.003424838094568589	0	0.003204156927399992	0.003342037247436996	0.00885216878135143	0.006854149022733689	0.006845707144487073	0.007030238787207156	0.007025622730625368	0.007225011348773658	0.01123830174687655	0.007802598974785783	0.02001833162053041	0.02041943166551317	0.02166600631207902	0.01856225835586542	0.01880261785644111	0.01129494903377567	0.00580707914043658	0.0003400216858275183	0	0	0	0	0.005164179001981204	0.009900424757089066	0.004945676249096547	0.009047323408992078	0.01190885032625603	0.003909808870028697	0.003706714580667809	0.003738473954931597	0.003424838094568589	0	0.003204156927399992	0.003342037247436996	0.00885216878135143	0.006854149022733689	0.006845707144487073	0.007030238787207156	0.007025622730625368	0.007225011348773658	0.01123830174687655	0.007802598974785783	0.02001833162053041	0.02041943166551317	0.02166600631207902	0.01856225835586542	0.01880261785644111	0.01129494903377567	0.00580707914043658	0.0003400216858275183	
0.253589364953792	0	0	0	0	0	0.004770983285697518	0.004703784010631601	0.004373237645398528	0.008353366598654573	0.01172942661008609	0.003706714580667809	0.003311848103604109	0.003525891688122249	0.003429648402275321	0.003401238008251975	0.003348681456676434	0.01115846495598969	0.003746741061791129	0.003422853572243536	0.006817798549712111	0.007025622730625368	0.01060267606330144	0.01129931570499282	0.01496443906406643	0.008347704886159626	0.01226947034157065	0.01320618091894034	0.01343947393163732	0.01460376959235803	0.005611081886726285	0.0003254278472224733	0	0	0	0	0	0	0.004770983285697518	0.004703784010631601	0.004373237645398528	0.008353366598654573	0.01172942661008609	0.003706714580667809	0.003311848103604109	0.003525891688122249	0.003429648402275321	0.003401238008251975	0.003348681456676434	0.01115846495598969	0.003746741061791129	0.003422853572243536	0.006817798549712111	0.007025622730625368	0.01060267606330144	0.01129931570499282	0.01496443906406643	0.008347704886159626	0.01226947034157065	0.01320618091894034	0.01343947393163732	0.01460376959235803	0.005611081886726285	0.0003254278472224733	0	
0.2585468955300958	0	0	0	0	0	0	0.004383203935557576	0.004414262388788759	0.007858427102482779	0.00804373139491262	0.01112014374200343	0.01411823693568285	0.003879579265560057	0.003882661150737855	0.006626586449722073	0.00690111866336228	0.01102484731400703	0.007076255002573939	0.006845707144487073	0.003727559631098623	0.003512811365312684	0.003606887469605512	0.00376643856833094	0.0111458944142849	0.01596820499094782	0.01223130317957904	0.01311327585971336	0.009422162453238209	0.0005501730626804311	0	0	0	0	0	0	0	0	0	0.004383203935557576	0.004414262388788759	0.007858427102482779	0.00804373139491262	0.01112014374200343	0.01411823693568285	0.003879579265560057	0.003882661150737855	0.006626586449722073	0.00690111866336228	0.01102484731400703	0.007076255002573939	0.006845707144487073	0.003727559631098623	0.003512811365312684	0.003606887469605512	0.00376643856833094	0.0111458944142849	0.01596820499094782	0.01223130317957904	0.01311327585971336	0.009422162453238209	0.0005501730626804311	0	0	0	
0.2635044261063997	0	0	0	0	0	0	0	0.004113414270593738	0.004052948425284338	0.00752242354557546	0.007635139192328833	0.003529559233920713	0.01042609467403626	0.009835932458363427	0.003577127575033853	0.006684074494873992	0.0110373739679429	0.006858300536375562	0.006843574525438947	0.003716609103392692	0.007025622730625368	0.007213774939211024	0.011074033398102	0.007608716212382015	0.008100253259165179	0.008167772666205268	0.0005191753309742735	0	0	0	0	0	0	0	0	0	0	0	0	0.004113414270593738	0.004052948425284338	0.00752242354557546	0.007635139192328833	0.003529559233920713	0.01042609467403626	0.009835932458363427	0.003577127575033853	0.006684074494873992	0.0110373739679429	0.006858300536375562	0.006843574525438947	0.003716609103392692	0.007025622730625368	0.007213774939211024	0.011074033398102	0.007608716212382015	0.008100253259165179	0.008167772666205268	0.0005191753309742735	0	0	0	0	0	
0.2684619566827035	0	0	0	0	0	0	0	0	0	7.308053962670461e-05	0.003482695070185082	0.007059118467841427	0.006849676189137178	0.006859296804550641	0.01020371402475593	0.007131451250329442	0.008792319212546697	0.003925256148391704	0.00342072095319541	0.006828749077418041	0.003512811365312684	0.01038468971778634	0.007758159443552702	0.004012427412185295	0.0002474516269944475	0	0	0	0	0	0	0	0	0	0	0	0	0	0	0	0	7.308053962670461e-05	0.003482695070185082	0.007059118467841427	0.006849676189137178	0.006859296804550641	0.01020371402475593	0.007131451250329442	0.008792319212546697	0.003925256148391704	0.00342072095319541	0.006828749077418041	0.003512811365312684	0.01038468971778634	0.007758159443552702	0.004012427412185295	0.0002474516269944475	0	0	0	0	0	0	0	
0.2734194872590073	0	0	0	0	0	0	0	0	0	0	0	0	0.003525891688122249	0.003429648402275321	0	0	0.006303690630619596	0.003721831979939886	0.00342072095319541	0.006819988655253297	0.007025622730625368	0.000435972691030199	0	0	0	0	0	0	0	0	0	0	0	0	0	0	0	0	0	0	0	0	0	0	0.003525891688122249	0.003429648402275321	0	0	0.006303690630619596	0.003721831979939886	0.00342072095319541	0.006819988655253297	0.007025622730625368	0.000435972691030199	0	0	0	0	0	0	0	0	0	0	
0.2783770178353111	0	0	0	0	0	0	0	0	0	0	0	0	0	0	0.003401238008251975	0.003554651943098992	0.004206172021579249	0.003522559325129942	0.003422853572243536	0.0002102501319538589	0	0	0	0	0	0	0	0	0	0	0	0	0	0	0	0	0	0	0	0	0	0	0	0	0	0	0.003401238008251975	0.003554651943098992	0.004206172021579249	0.003522559325129942	0.003422853572243536	0.0002102501319538589	0	0	0	0	0	0	0	0	0	0	0	0	
0.283334548411615	0	0	0	0	0	0	0	0	0	0	0	0	0	0	0	0	0.002233919951897649	0	0	0	0	0	0	0	0	0	0	0	0	0	0	0	0	0	0	0	0	0	0	0	0	0	0	0	0	0	0	0	0.002233919951897649	0	0	0	0	0	0	0	0	0	0	0	0	0	0	0	
0.2882920789879186	0	0	0	0	0	0	0	0	0	0	0	0	0	0	0	0	0	0	0	0	0	0	0	0	0	0	0	0	0	0	0	0	0	0	0	0	0	0	0	0	0	0	0	0	0	0	0	0	0	0	0	0	0	0	0	0	0	0	0	0	0	0	0	0	
0.2932496095642225	0	0	0	0	0	0	0	0	0	0	0	0	0	0	0	0	0	0	0	0	0	0	0	0	0	0	0	0	0	0	0	0	0	0	0	0	0	0	0	0	0	0	0	0	0	0	0	0	0	0	0	0	0	0	0	0	0	0	0	0	0	0	0	0	
0.2982071401405263	0	0	0	0	0	0	0	0	0	0	0	0	0	0	0	0	0	0	0	0	0	0	0	0	0	0	0	0	0	0	0	0	0	0	0	0	0	0	0	0	0	0	0	0	0	0	0	0	0	0	0	0	0	0	0	0	0	0	0	0	0	0	0	0	
0.3031646707168302	0	0	0	0	0	0	0	0	0	0	0	0	0	0	0	0	0	0	0	0	0	0	0	0	0	0	0	0	0	0	0	0	0	0	0	0	0	0	0	0	0	0	0	0	0	0	0	0	0	0	0	0	0	0	0	0	0	0	0	0	0	0	0	0	
0.3081222012931339	0	0	0	0	0	0	0	0	0	0	0	0	0	0	0	0	0	0	0	0	0	0	0	0	0	0	0	0	0	0	0	0	0	0	0	0	0	0	0	0	0	0	0	0	0	0	0	0	0	0	0	0	0	0	0	0	0	0	0	0	0	0	0	0	
0.3130797318694378	0	0	0	0	0	0	0	0	0	0	0	0	0	0	0	0	0	0	0	0	0	0	0	0	0	0	0	0	0	0	0	0	0	0	0	0	0	0	0	0	0	0	0	0	0	0	0	0	0	0	0	0	0	0	0	0	0	0	0	0	0	0	0	0	
0.3180372624457416	0	0	0	0	0	0	0	0	0	0	0	0	0	0	0	0	0	0	0	0	0	0	0	0	0	0	0	0	0	0	0	0	0	0	0	0	0	0	0	0	0	0	0	0	0	0	0	0	0	0	0	0	0	0	0	0	0	0	0	0	0	0	0	0	
0.3229947930220454	0	0	0	0	0	0	0	0	0	0	0	0	0	0	0	0	0	0	0	0	0	0	0	0	0	0	0	0	0	0	0	0	0	0	0	0	0	0	0	0	0	0	0	0	0	0	0	0	0	0	0	0	0	0	0	0	0	0	0	0	0	0	0	0	
*213
