
#
#Feature symbol names
#
$0 r5
$1 r1

#
#Layer features
#
L 0.4700000000 0.2452800000 0.4700000000 0.2452800000 0 P 16
A 0.4700000000 0.2452800000 0.5700000000 0.2452800000 0.52 0.2452800000 0 P 16 N
L 0.5700000000 1.47028 0.5700000000 1.47028 0 P 16
A 0.5700000000 1.47028 0.4700000000 1.47028 0.52 1.47028 0 P 16 N
L 0.6200000000 1.6852800000 0.8200000000 1.6852800000 0 P 16
L 0.8200000000 1.6852800000 0.8650000000 1.73028 0 P 16
L 0.8650000000 1.73028 3.3200000000 1.73028 0 P 16
L 0.5750000000 1.73028 0.6200000000 1.6852800000 0 P 16
L 0 0 3.3155 0 0 P 16
L 0 0 0 1.7300000000 0 P 16
L 0.5700000000 0.2452800000 0.5700000000 1.47028 0 P 16
L 0.4700000000 0.2452800000 0.4700000000 1.47028 0 P 16
L 3.3200000000 0.0002800000 3.3200000000 1.73028 0 P 16
L 3.3155 0 3.3200000000 0.0002800000 0 P 16
L 0 1.7300000000 0.5750000000 1.73028 0 P 16
L 2.62 0.652 2.62 0.68532 1 P 43
L 2.62 0.68532 2.63666 0.70198 1 P 43
L 2.63666 0.70198 2.6533200000 0.68532 1 P 43
L 2.6533200000 0.68532 2.6533200000 0.652 1 P 43
L 2.6533200000 0.652 2.6533200000 0.6769900000 1 P 43
L 2.6533200000 0.6769900000 2.62 0.6769900000 1 P 43
L 2.7950000000 0.1720000000 2.7950000000 0.20532 1 P 43
L 2.7950000000 0.20532 2.8116600000 0.22198 1 P 43
L 2.8116600000 0.22198 2.82832 0.20532 1 P 43
L 2.82832 0.20532 2.82832 0.1720000000 1 P 43
L 2.82832 0.1720000000 2.82832 0.1969900000 1 P 43
L 2.82832 0.1969900000 2.7950000000 0.1969900000 1 P 43
L 2.7950000000 0.6452800000 2.7950000000 0.67861 1 P 43
L 2.7950000000 0.67861 2.8116600000 0.69527 1 P 43
L 2.8116600000 0.69527 2.82832 0.67861 1 P 43
L 2.82832 0.67861 2.82832 0.6452800000 1 P 43
L 2.82832 0.6452800000 2.82832 0.6702800000 1 P 43
L 2.82832 0.6702800000 2.7950000000 0.6702800000 1 P 43
L 2.095 0.1452800000 2.095 0.1786100000 1 P 43
L 2.095 0.1786100000 2.11166 0.1952700000 1 P 43
L 2.11166 0.1952700000 2.1283200000 0.1786100000 1 P 43
L 2.1283200000 0.1786100000 2.1283200000 0.1452800000 1 P 43
L 2.1283200000 0.1452800000 2.1283200000 0.1702800000 1 P 43
L 2.1283200000 0.1702800000 2.095 0.1702800000 1 P 43
L 2.7959400000 0.27028 2.7959400000 0.3036100000 1 P 43
L 2.7959400000 0.3036100000 2.8126 0.3202700000 1 P 43
L 2.8126 0.3202700000 2.82926 0.3036100000 1 P 43
L 2.82926 0.3036100000 2.82926 0.27028 1 P 43
L 2.82926 0.27028 2.82926 0.2952800000 1 P 43
L 2.82926 0.2952800000 2.7959400000 0.2952800000 1 P 43
L 3.2460000000 1.6202800000 3.2460000000 1.65361 1 P 43
L 3.2460000000 1.65361 3.2626600000 1.6702700000 1 P 43
L 3.2626600000 1.6702700000 3.2793200000 1.65361 1 P 43
L 3.2793200000 1.65361 3.2793200000 1.6202800000 1 P 43
L 3.2793200000 1.6202800000 3.2793200000 1.64528 1 P 43
L 3.2793200000 1.64528 3.2460000000 1.64528 1 P 43
L 3.1460000000 1.4202800000 3.1460000000 1.45361 1 P 43
L 3.1460000000 1.45361 3.1626600000 1.4702700000 1 P 43
L 3.1626600000 1.4702700000 3.17932 1.45361 1 P 43
L 3.17932 1.45361 3.17932 1.4202800000 1 P 43
L 3.17932 1.4202800000 3.17932 1.4452800000 1 P 43
L 3.17932 1.4452800000 3.1460000000 1.4452800000 1 P 43
L 3.2460000000 1.4202800000 3.2460000000 1.45361 1 P 43
L 3.2460000000 1.45361 3.2626600000 1.4702700000 1 P 43
L 3.2626600000 1.4702700000 3.2793200000 1.45361 1 P 43
L 3.2793200000 1.45361 3.2793200000 1.4202800000 1 P 43
L 3.2793200000 1.4202800000 3.2793200000 1.4452800000 1 P 43
L 3.2793200000 1.4452800000 3.2460000000 1.4452800000 1 P 43
L 3.2460000000 1.52028 3.2460000000 1.5536100000 1 P 43
L 3.2460000000 1.5536100000 3.2626600000 1.57027 1 P 43
L 3.2626600000 1.57027 3.2793200000 1.5536100000 1 P 43
L 3.2793200000 1.5536100000 3.2793200000 1.52028 1 P 43
L 3.2793200000 1.52028 3.2793200000 1.5452800000 1 P 43
L 3.2793200000 1.5452800000 3.2460000000 1.5452800000 1 P 43
L 3.2460000000 0.32028 3.2460000000 0.3536100000 1 P 43
L 3.2460000000 0.3536100000 3.2626600000 0.3702700000 1 P 43
L 3.2626600000 0.3702700000 3.2793200000 0.3536100000 1 P 43
L 3.2793200000 0.3536100000 3.2793200000 0.32028 1 P 43
L 3.2793200000 0.32028 3.2793200000 0.3452800000 1 P 43
L 3.2793200000 0.3452800000 3.2460000000 0.3452800000 1 P 43
L 3.1460000000 0.32028 3.1460000000 0.3536100000 1 P 43
L 3.1460000000 0.3536100000 3.1626600000 0.3702700000 1 P 43
L 3.1626600000 0.3702700000 3.17932 0.3536100000 1 P 43
L 3.17932 0.3536100000 3.17932 0.32028 1 P 43
L 3.17932 0.32028 3.17932 0.3452800000 1 P 43
L 3.17932 0.3452800000 3.1460000000 0.3452800000 1 P 43
L 3.2460000000 0.4202800000 3.2460000000 0.45361 1 P 43
L 3.2460000000 0.45361 3.2626600000 0.47027 1 P 43
L 3.2626600000 0.47027 3.2793200000 0.45361 1 P 43
L 3.2793200000 0.45361 3.2793200000 0.4202800000 1 P 43
L 3.2793200000 0.4202800000 3.2793200000 0.44528 1 P 43
L 3.2793200000 0.44528 3.2460000000 0.44528 1 P 43
L 3.1460000000 0.4202800000 3.1460000000 0.45361 1 P 43
L 3.1460000000 0.45361 3.1626600000 0.47027 1 P 43
L 3.1626600000 0.47027 3.17932 0.45361 1 P 43
L 3.17932 0.45361 3.17932 0.4202800000 1 P 43
L 3.17932 0.4202800000 3.17932 0.44528 1 P 43
L 3.17932 0.44528 3.1460000000 0.44528 1 P 43
L 3.2460000000 0.5202800000 3.2460000000 0.55361 1 P 43
L 3.2460000000 0.55361 3.2626600000 0.57027 1 P 43
L 3.2626600000 0.57027 3.2793200000 0.55361 1 P 43
L 3.2793200000 0.55361 3.2793200000 0.5202800000 1 P 43
L 3.2793200000 0.5202800000 3.2793200000 0.5452800000 1 P 43
L 3.2793200000 0.5452800000 3.2460000000 0.5452800000 1 P 43
L 3.1460000000 0.5202800000 3.1460000000 0.55361 1 P 43
L 3.1460000000 0.55361 3.1626600000 0.57027 1 P 43
L 3.1626600000 0.57027 3.17932 0.55361 1 P 43
L 3.17932 0.55361 3.17932 0.5202800000 1 P 43
L 3.17932 0.5202800000 3.17932 0.5452800000 1 P 43
L 3.17932 0.5452800000 3.1460000000 0.5452800000 1 P 43
L 3.2460000000 0.62028 3.2460000000 0.65361 1 P 43
L 3.2460000000 0.65361 3.2626600000 0.67027 1 P 43
L 3.2626600000 0.67027 3.2793200000 0.65361 1 P 43
L 3.2793200000 0.65361 3.2793200000 0.62028 1 P 43
L 3.2793200000 0.62028 3.2793200000 0.6452800000 1 P 43
L 3.2793200000 0.6452800000 3.2460000000 0.6452800000 1 P 43
L 3.1460000000 0.62028 3.1460000000 0.65361 1 P 43
L 3.1460000000 0.65361 3.1626600000 0.67027 1 P 43
L 3.1626600000 0.67027 3.17932 0.65361 1 P 43
L 3.17932 0.65361 3.17932 0.62028 1 P 43
L 3.17932 0.62028 3.17932 0.6452800000 1 P 43
L 3.17932 0.6452800000 3.1460000000 0.6452800000 1 P 43
L 3.2460000000 1.3202800000 3.2460000000 1.3536100000 1 P 43
L 3.2460000000 1.3536100000 3.2626600000 1.37027 1 P 43
L 3.2626600000 1.37027 3.2793200000 1.3536100000 1 P 43
L 3.2793200000 1.3536100000 3.2793200000 1.3202800000 1 P 43
L 3.2793200000 1.3202800000 3.2793200000 1.34528 1 P 43
L 3.2793200000 1.34528 3.2460000000 1.34528 1 P 43
L 3.1460000000 1.3202800000 3.1460000000 1.3536100000 1 P 43
L 3.1460000000 1.3536100000 3.1626600000 1.37027 1 P 43
L 3.1626600000 1.37027 3.17932 1.3536100000 1 P 43
L 3.17932 1.3536100000 3.17932 1.3202800000 1 P 43
L 3.17932 1.3202800000 3.17932 1.34528 1 P 43
L 3.17932 1.34528 3.1460000000 1.34528 1 P 43
L 3.1460000000 1.52028 3.1460000000 1.5536100000 1 P 43
L 3.1460000000 1.5536100000 3.1626600000 1.57027 1 P 43
L 3.1626600000 1.57027 3.17932 1.5536100000 1 P 43
L 3.17932 1.5536100000 3.17932 1.52028 1 P 43
L 3.17932 1.52028 3.17932 1.5452800000 1 P 43
L 3.17932 1.5452800000 3.1460000000 1.5452800000 1 P 43
L 0.0970600000 1.6252700000 0.0970600000 1.57528 1 P 43
L 0.0970600000 1.57528 0.12206 1.57528 1 P 43
L 0.12206 1.57528 0.13039 1.5836100000 1 P 43
L 0.13039 1.5836100000 0.13039 1.5919400000 1 P 43
L 0.13039 1.5919400000 0.12206 1.6002800000 1 P 43
L 0.12206 1.6002800000 0.0970600000 1.6002800000 1 P 43
L 0.0970600000 1.6002800000 0.12206 1.6002800000 1 P 43
L 0.12206 1.6002800000 0.13039 1.60861 1 P 43
L 0.13039 1.60861 0.13039 1.61694 1 P 43
L 0.13039 1.61694 0.12206 1.6252700000 1 P 43
L 0.12206 1.6252700000 0.0970600000 1.6252700000 1 P 43
L 3.1460000000 1.6202800000 3.1460000000 1.65361 1 P 43
L 3.1460000000 1.65361 3.1626600000 1.6702700000 1 P 43
L 3.1626600000 1.6702700000 3.17932 1.65361 1 P 43
L 3.17932 1.65361 3.17932 1.6202800000 1 P 43
L 3.17932 1.6202800000 3.17932 1.64528 1 P 43
L 3.17932 1.64528 3.1460000000 1.64528 1 P 43
L 0.0970600000 0.20755 0.0970600000 0.1575700000 1 P 43
L 0.0970600000 0.1575700000 0.12206 0.1575700000 1 P 43
L 0.12206 0.1575700000 0.13039 0.1659000000 1 P 43
L 0.13039 0.1659000000 0.13039 0.1742300000 1 P 43
L 0.13039 0.1742300000 0.12206 0.18256 1 P 43
L 0.12206 0.18256 0.0970600000 0.18256 1 P 43
L 0.0970600000 0.18256 0.12206 0.18256 1 P 43
L 0.12206 0.18256 0.13039 0.19089 1 P 43
L 0.13039 0.19089 0.13039 0.19922 1 P 43
L 0.13039 0.19922 0.12206 0.20755 1 P 43
L 0.12206 0.20755 0.0970600000 0.20755 1 P 43
L 3.22698 0.20755 3.22698 0.1575700000 1 P 43
L 3.22698 0.1575700000 3.25198 0.1575700000 1 P 43
L 3.25198 0.1575700000 3.26031 0.1659000000 1 P 43
L 3.26031 0.1659000000 3.26031 0.1742300000 1 P 43
L 3.26031 0.1742300000 3.25198 0.18256 1 P 43
L 3.25198 0.18256 3.22698 0.18256 1 P 43
L 3.22698 0.18256 3.25198 0.18256 1 P 43
L 3.25198 0.18256 3.26031 0.19089 1 P 43
L 3.26031 0.19089 3.26031 0.19922 1 P 43
L 3.26031 0.19922 3.25198 0.20755 1 P 43
L 3.25198 0.20755 3.22698 0.20755 1 P 43
L 2.9450000000 1.4202800000 2.9450000000 1.45361 1 P 43
L 2.9450000000 1.45361 2.96166 1.4702700000 1 P 43
L 2.96166 1.4702700000 2.97832 1.45361 1 P 43
L 2.97832 1.45361 2.97832 1.4202800000 1 P 43
L 2.97832 1.4202800000 2.97832 1.4452800000 1 P 43
L 2.97832 1.4452800000 2.9450000000 1.4452800000 1 P 43
L 2.9450000000 1.3202800000 2.9450000000 1.3536100000 1 P 43
L 2.9450000000 1.3536100000 2.96166 1.37027 1 P 43
L 2.96166 1.37027 2.97832 1.3536100000 1 P 43
L 2.97832 1.3536100000 2.97832 1.3202800000 1 P 43
L 2.97832 1.3202800000 2.97832 1.34528 1 P 43
L 2.97832 1.34528 2.9450000000 1.34528 1 P 43
L 2.9450000000 1.22028 2.9450000000 1.2536100000 1 P 43
L 2.9450000000 1.2536100000 2.96166 1.27027 1 P 43
L 2.96166 1.27027 2.97832 1.2536100000 1 P 43
L 2.97832 1.2536100000 2.97832 1.22028 1 P 43
L 2.97832 1.22028 2.97832 1.2452800000 1 P 43
L 2.97832 1.2452800000 2.9450000000 1.2452800000 1 P 43
L 2.9450000000 1.1202800000 2.9450000000 1.15361 1 P 43
L 2.9450000000 1.15361 2.96166 1.1702700000 1 P 43
L 2.96166 1.1702700000 2.97832 1.15361 1 P 43
L 2.97832 1.15361 2.97832 1.1202800000 1 P 43
L 2.97832 1.1202800000 2.97832 1.14528 1 P 43
L 2.97832 1.14528 2.9450000000 1.14528 1 P 43
L 2.9450000000 1.02028 2.9450000000 1.0536100000 1 P 43
L 2.9450000000 1.0536100000 2.96166 1.07027 1 P 43
L 2.96166 1.07027 2.97832 1.0536100000 1 P 43
L 2.97832 1.0536100000 2.97832 1.02028 1 P 43
L 2.97832 1.02028 2.97832 1.0452800000 1 P 43
L 2.97832 1.0452800000 2.9450000000 1.0452800000 1 P 43
L 2.9450000000 0.9202800000 2.9450000000 0.9536100000 1 P 43
L 2.9450000000 0.9536100000 2.96166 0.9702700000 1 P 43
L 2.96166 0.9702700000 2.97832 0.9536100000 1 P 43
L 2.97832 0.9536100000 2.97832 0.9202800000 1 P 43
L 2.97832 0.9202800000 2.97832 0.94528 1 P 43
L 2.97832 0.94528 2.9450000000 0.94528 1 P 43
L 2.9450000000 0.82028 2.9450000000 0.8536100000 1 P 43
L 2.9450000000 0.8536100000 2.96166 0.8702700000 1 P 43
L 2.96166 0.8702700000 2.97832 0.8536100000 1 P 43
L 2.97832 0.8536100000 2.97832 0.82028 1 P 43
L 2.97832 0.82028 2.97832 0.84528 1 P 43
L 2.97832 0.84528 2.9450000000 0.84528 1 P 43
L 2.9450000000 0.72028 2.9450000000 0.75361 1 P 43
L 2.9450000000 0.75361 2.96166 0.77027 1 P 43
L 2.96166 0.77027 2.97832 0.75361 1 P 43
L 2.97832 0.75361 2.97832 0.72028 1 P 43
L 2.97832 0.72028 2.97832 0.74528 1 P 43
L 2.97832 0.74528 2.9450000000 0.74528 1 P 43
L 2.9450000000 0.62028 2.9450000000 0.65361 1 P 43
L 2.9450000000 0.65361 2.96166 0.67027 1 P 43
L 2.96166 0.67027 2.97832 0.65361 1 P 43
L 2.97832 0.65361 2.97832 0.62028 1 P 43
L 2.97832 0.62028 2.97832 0.6452800000 1 P 43
L 2.97832 0.6452800000 2.9450000000 0.6452800000 1 P 43
L 3.0450000000 1.4202800000 3.0450000000 1.45361 1 P 43
L 3.0450000000 1.45361 3.0616600000 1.4702700000 1 P 43
L 3.0616600000 1.4702700000 3.07832 1.45361 1 P 43
L 3.07832 1.45361 3.07832 1.4202800000 1 P 43
L 3.07832 1.4202800000 3.07832 1.4452800000 1 P 43
L 3.07832 1.4452800000 3.0450000000 1.4452800000 1 P 43
L 3.0450000000 1.3202800000 3.0450000000 1.3536100000 1 P 43
L 3.0450000000 1.3536100000 3.0616600000 1.37027 1 P 43
L 3.0616600000 1.37027 3.07832 1.3536100000 1 P 43
L 3.07832 1.3536100000 3.07832 1.3202800000 1 P 43
L 3.07832 1.3202800000 3.07832 1.34528 1 P 43
L 3.07832 1.34528 3.0450000000 1.34528 1 P 43
L 3.0450000000 1.22028 3.0450000000 1.2536100000 1 P 43
L 3.0450000000 1.2536100000 3.0616600000 1.27027 1 P 43
L 3.0616600000 1.27027 3.07832 1.2536100000 1 P 43
L 3.07832 1.2536100000 3.07832 1.22028 1 P 43
L 3.07832 1.22028 3.07832 1.2452800000 1 P 43
L 3.07832 1.2452800000 3.0450000000 1.2452800000 1 P 43
L 3.0450000000 1.1202800000 3.0450000000 1.15361 1 P 43
L 3.0450000000 1.15361 3.0616600000 1.1702700000 1 P 43
L 3.0616600000 1.1702700000 3.07832 1.15361 1 P 43
L 3.07832 1.15361 3.07832 1.1202800000 1 P 43
L 3.07832 1.1202800000 3.07832 1.14528 1 P 43
L 3.07832 1.14528 3.0450000000 1.14528 1 P 43
L 3.0450000000 1.02028 3.0450000000 1.0536100000 1 P 43
L 3.0450000000 1.0536100000 3.0616600000 1.07027 1 P 43
L 3.0616600000 1.07027 3.07832 1.0536100000 1 P 43
L 3.07832 1.0536100000 3.07832 1.02028 1 P 43
L 3.07832 1.02028 3.07832 1.0452800000 1 P 43
L 3.07832 1.0452800000 3.0450000000 1.0452800000 1 P 43
L 3.0450000000 0.9202800000 3.0450000000 0.9536100000 1 P 43
L 3.0450000000 0.9536100000 3.0616600000 0.9702700000 1 P 43
L 3.0616600000 0.9702700000 3.07832 0.9536100000 1 P 43
L 3.07832 0.9536100000 3.07832 0.9202800000 1 P 43
L 3.07832 0.9202800000 3.07832 0.94528 1 P 43
L 3.07832 0.94528 3.0450000000 0.94528 1 P 43
L 3.0450000000 0.82028 3.0450000000 0.8536100000 1 P 43
L 3.0450000000 0.8536100000 3.0616600000 0.8702700000 1 P 43
L 3.0616600000 0.8702700000 3.07832 0.8536100000 1 P 43
L 3.07832 0.8536100000 3.07832 0.82028 1 P 43
L 3.07832 0.82028 3.07832 0.84528 1 P 43
L 3.07832 0.84528 3.0450000000 0.84528 1 P 43
L 3.0450000000 0.72028 3.0450000000 0.75361 1 P 43
L 3.0450000000 0.75361 3.0616600000 0.77027 1 P 43
L 3.0616600000 0.77027 3.07832 0.75361 1 P 43
L 3.07832 0.75361 3.07832 0.72028 1 P 43
L 3.07832 0.72028 3.07832 0.74528 1 P 43
L 3.07832 0.74528 3.0450000000 0.74528 1 P 43
L 3.0450000000 0.62028 3.0450000000 0.65361 1 P 43
L 3.0450000000 0.65361 3.0616600000 0.67027 1 P 43
L 3.0616600000 0.67027 3.07832 0.65361 1 P 43
L 3.07832 0.65361 3.07832 0.62028 1 P 43
L 3.07832 0.62028 3.07832 0.6452800000 1 P 43
L 3.07832 0.6452800000 3.0450000000 0.6452800000 1 P 43
L 2.9450000000 1.52028 2.9450000000 1.5536100000 1 P 43
L 2.9450000000 1.5536100000 2.96166 1.57027 1 P 43
L 2.96166 1.57027 2.97832 1.5536100000 1 P 43
L 2.97832 1.5536100000 2.97832 1.52028 1 P 43
L 2.97832 1.52028 2.97832 1.5452800000 1 P 43
L 2.97832 1.5452800000 2.9450000000 1.5452800000 1 P 43
L 3.0450000000 1.6202800000 3.0450000000 1.65361 1 P 43
L 3.0450000000 1.65361 3.0616600000 1.6702700000 1 P 43
L 3.0616600000 1.6702700000 3.07832 1.65361 1 P 43
L 3.07832 1.65361 3.07832 1.6202800000 1 P 43
L 3.07832 1.6202800000 3.07832 1.64528 1 P 43
L 3.07832 1.64528 3.0450000000 1.64528 1 P 43
L 3.0450000000 1.52028 3.0450000000 1.5536100000 1 P 43
L 3.0450000000 1.5536100000 3.0616600000 1.57027 1 P 43
L 3.0616600000 1.57027 3.07832 1.5536100000 1 P 43
L 3.07832 1.5536100000 3.07832 1.52028 1 P 43
L 3.07832 1.52028 3.07832 1.5452800000 1 P 43
L 3.07832 1.5452800000 3.0450000000 1.5452800000 1 P 43
L 2.9450000000 1.6202800000 2.9450000000 1.65361 1 P 43
L 2.9450000000 1.65361 2.96166 1.6702700000 1 P 43
L 2.96166 1.6702700000 2.97832 1.65361 1 P 43
L 2.97832 1.65361 2.97832 1.6202800000 1 P 43
L 2.97832 1.6202800000 2.97832 1.64528 1 P 43
L 2.97832 1.64528 2.9450000000 1.64528 1 P 43
L 3.0450000000 0.4202800000 3.0450000000 0.45361 1 P 43
L 3.0450000000 0.45361 3.0616600000 0.47027 1 P 43
L 3.0616600000 0.47027 3.07832 0.45361 1 P 43
L 3.07832 0.45361 3.07832 0.4202800000 1 P 43
L 3.07832 0.4202800000 3.07832 0.44528 1 P 43
L 3.07832 0.44528 3.0450000000 0.44528 1 P 43
L 2.9450000000 0.32028 2.9450000000 0.3536100000 1 P 43
L 2.9450000000 0.3536100000 2.96166 0.3702700000 1 P 43
L 2.96166 0.3702700000 2.97832 0.3536100000 1 P 43
L 2.97832 0.3536100000 2.97832 0.32028 1 P 43
L 2.97832 0.32028 2.97832 0.3452800000 1 P 43
L 2.97832 0.3452800000 2.9450000000 0.3452800000 1 P 43
L 3.0450000000 0.32028 3.0450000000 0.3536100000 1 P 43
L 3.0450000000 0.3536100000 3.0616600000 0.3702700000 1 P 43
L 3.0616600000 0.3702700000 3.07832 0.3536100000 1 P 43
L 3.07832 0.3536100000 3.07832 0.32028 1 P 43
L 3.07832 0.32028 3.07832 0.3452800000 1 P 43
L 3.07832 0.3452800000 3.0450000000 0.3452800000 1 P 43
L 3.0450000000 0.5202800000 3.0450000000 0.55361 1 P 43
L 3.0450000000 0.55361 3.0616600000 0.57027 1 P 43
L 3.0616600000 0.57027 3.07832 0.55361 1 P 43
L 3.07832 0.55361 3.07832 0.5202800000 1 P 43
L 3.07832 0.5202800000 3.07832 0.5452800000 1 P 43
L 3.07832 0.5452800000 3.0450000000 0.5452800000 1 P 43
L 2.9450000000 0.4202800000 2.9450000000 0.45361 1 P 43
L 2.9450000000 0.45361 2.96166 0.47027 1 P 43
L 2.96166 0.47027 2.97832 0.45361 1 P 43
L 2.97832 0.45361 2.97832 0.4202800000 1 P 43
L 2.97832 0.4202800000 2.97832 0.44528 1 P 43
L 2.97832 0.44528 2.9450000000 0.44528 1 P 43
L 3.0450000000 0.22028 3.0450000000 0.25361 1 P 43
L 3.0450000000 0.25361 3.0616600000 0.27027 1 P 43
L 3.0616600000 0.27027 3.07832 0.25361 1 P 43
L 3.07832 0.25361 3.07832 0.22028 1 P 43
L 3.07832 0.22028 3.07832 0.2452800000 1 P 43
L 3.07832 0.2452800000 3.0450000000 0.2452800000 1 P 43
L 2.9450000000 0.22028 2.9450000000 0.25361 1 P 43
L 2.9450000000 0.25361 2.96166 0.27027 1 P 43
L 2.96166 0.27027 2.97832 0.25361 1 P 43
L 2.97832 0.25361 2.97832 0.22028 1 P 43
L 2.97832 0.22028 2.97832 0.2452800000 1 P 43
L 2.97832 0.2452800000 2.9450000000 0.2452800000 1 P 43
L 2.9450000000 0.5202800000 2.9450000000 0.55361 1 P 43
L 2.9450000000 0.55361 2.96166 0.57027 1 P 43
L 2.96166 0.57027 2.97832 0.55361 1 P 43
L 2.97832 0.55361 2.97832 0.5202800000 1 P 43
L 2.97832 0.5202800000 2.97832 0.5452800000 1 P 43
L 2.97832 0.5452800000 2.9450000000 0.5452800000 1 P 43
L 3.31726 0.82694 3.30893 0.8352700000 1 P 43
L 3.30893 0.8352700000 3.2922700000 0.8352700000 1 P 43
L 3.2922700000 0.8352700000 3.2839400000 0.82694 1 P 43
L 3.2839400000 0.82694 3.2839400000 0.79361 1 P 43
L 3.2839400000 0.79361 3.2922700000 0.7852800000 1 P 43
L 3.2922700000 0.7852800000 3.30893 0.7852800000 1 P 43
L 3.30893 0.7852800000 3.31726 0.79361 1 P 43
L 1.3883200000 1.48794 1.37999 1.4962700000 1 P 43
L 1.37999 1.4962700000 1.3633300000 1.4962700000 1 P 43
L 1.3633300000 1.4962700000 1.3550000000 1.48794 1 P 43
L 1.3550000000 1.48794 1.3550000000 1.4546100000 1 P 43
L 1.3550000000 1.4546100000 1.3633300000 1.44628 1 P 43
L 1.3633300000 1.44628 1.37999 1.44628 1 P 43
L 1.37999 1.44628 1.3883200000 1.4546100000 1 P 43
L 1.23726 1.50194 1.22893 1.51027 1 P 43
L 1.22893 1.51027 1.2122700000 1.51027 1 P 43
L 1.2122700000 1.51027 1.20394 1.50194 1 P 43
L 1.20394 1.50194 1.20394 1.46862 1 P 43
L 1.20394 1.46862 1.2122700000 1.46028 1 P 43
L 1.2122700000 1.46028 1.22893 1.46028 1 P 43
L 1.22893 1.46028 1.23726 1.46862 1 P 43
L 1.3543200000 1.4769400000 1.34599 1.48527 1 P 43
L 1.34599 1.48527 1.3293300000 1.48527 1 P 43
L 1.3293300000 1.48527 1.3210000000 1.4769400000 1 P 43
L 1.3210000000 1.4769400000 1.3210000000 1.44361 1 P 43
L 1.3210000000 1.44361 1.3293300000 1.4352800000 1 P 43
L 1.3293300000 1.4352800000 1.34599 1.4352800000 1 P 43
L 1.34599 1.4352800000 1.3543200000 1.44361 1 P 43
L 1.3883200000 1.4298600000 1.37999 1.43819 1 P 43
L 1.37999 1.43819 1.3633300000 1.43819 1 P 43
L 1.3633300000 1.43819 1.3550000000 1.4298600000 1 P 43
L 1.3550000000 1.4298600000 1.3550000000 1.3965400000 1 P 43
L 1.3550000000 1.3965400000 1.3633300000 1.3882100000 1 P 43
L 1.3633300000 1.3882100000 1.37999 1.3882100000 1 P 43
L 1.37999 1.3882100000 1.3883200000 1.3965400000 1 P 43
L 2.6283200000 0.5894400000 2.61999 0.59777 1 P 43
L 2.61999 0.59777 2.60333 0.59777 1 P 43
L 2.60333 0.59777 2.595 0.5894400000 1 P 43
L 2.595 0.5894400000 2.595 0.5561100000 1 P 43
L 2.595 0.5561100000 2.60333 0.54778 1 P 43
L 2.60333 0.54778 2.61999 0.54778 1 P 43
L 2.61999 0.54778 2.6283200000 0.5561100000 1 P 43
L 2.3583200000 0.4119400000 2.34999 0.4202700000 1 P 43
L 2.34999 0.4202700000 2.33333 0.4202700000 1 P 43
L 2.33333 0.4202700000 2.325 0.4119400000 1 P 43
L 2.325 0.4119400000 2.325 0.37861 1 P 43
L 2.325 0.37861 2.33333 0.3702800000 1 P 43
L 2.33333 0.3702800000 2.34999 0.3702800000 1 P 43
L 2.34999 0.3702800000 2.3583200000 0.37861 1 P 43
L 2.095 0.52027 2.095 0.4702800000 1 P 43
L 2.095 0.4702800000 2.11999 0.4702800000 1 P 43
L 2.11999 0.4702800000 2.1283200000 0.4786100000 1 P 43
L 2.1283200000 0.4786100000 2.1283200000 0.5119400000 1 P 43
L 2.1283200000 0.5119400000 2.11999 0.52027 1 P 43
L 2.11999 0.52027 2.095 0.52027 1 P 43
L 1.4033200000 0.1119400000 1.3949900000 0.12027 1 P 43
L 1.3949900000 0.12027 1.37833 0.12027 1 P 43
L 1.37833 0.12027 1.37 0.1119400000 1 P 43
L 1.37 0.1119400000 1.37 0.0786200000 1 P 43
L 1.37 0.0786200000 1.37833 0.0702800000 1 P 43
L 1.37833 0.0702800000 1.3949900000 0.0702800000 1 P 43
L 1.3949900000 0.0702800000 1.4033200000 0.0786200000 1 P 43
L 1.3492600000 1.71194 1.3409300000 1.7202700000 1 P 43
L 1.3409300000 1.7202700000 1.32427 1.7202700000 1 P 43
L 1.32427 1.7202700000 1.31594 1.71194 1 P 43
L 1.31594 1.71194 1.31594 1.6786100000 1 P 43
L 1.31594 1.6786100000 1.32427 1.6702800000 1 P 43
L 1.32427 1.6702800000 1.3409300000 1.6702800000 1 P 43
L 1.3409300000 1.6702800000 1.3492600000 1.6786100000 1 P 43
L 1.00526 0.7619400000 0.9969300000 0.77027 1 P 43
L 0.9969300000 0.77027 0.9802700000 0.77027 1 P 43
L 0.9802700000 0.77027 0.97194 0.7619400000 1 P 43
L 0.97194 0.7619400000 0.97194 0.7286100000 1 P 43
L 0.97194 0.7286100000 0.9802700000 0.72028 1 P 43
L 0.9802700000 0.72028 0.9969300000 0.72028 1 P 43
L 0.9969300000 0.72028 1.00526 0.7286100000 1 P 43
L 2.7753200000 0.60565 2.7669900000 0.6139800000 1 P 43
L 2.7669900000 0.6139800000 2.7503300000 0.6139800000 1 P 43
L 2.7503300000 0.6139800000 2.7420000000 0.60565 1 P 43
L 2.7420000000 0.60565 2.7420000000 0.57233 1 P 43
L 2.7420000000 0.57233 2.7503300000 0.5640000000 1 P 43
L 2.7503300000 0.5640000000 2.7669900000 0.5640000000 1 P 43
L 2.7669900000 0.5640000000 2.7753200000 0.57233 1 P 43
L 1.2052600000 1.71194 1.19693 1.7202700000 1 P 43
L 1.19693 1.7202700000 1.1802700000 1.7202700000 1 P 43
L 1.1802700000 1.7202700000 1.1719400000 1.71194 1 P 43
L 1.1719400000 1.71194 1.1719400000 1.6786100000 1 P 43
L 1.1719400000 1.6786100000 1.1802700000 1.6702800000 1 P 43
L 1.1802700000 1.6702800000 1.19693 1.6702800000 1 P 43
L 1.19693 1.6702800000 1.2052600000 1.6786100000 1 P 43
L 2.51332 1.5016500000 2.5049900000 1.50998 1 P 43
L 2.5049900000 1.50998 2.4883300000 1.50998 1 P 43
L 2.4883300000 1.50998 2.4800000000 1.5016500000 1 P 43
L 2.4800000000 1.5016500000 2.4800000000 1.4683300000 1 P 43
L 2.4800000000 1.4683300000 2.4883300000 1.4600000000 1 P 43
L 2.4883300000 1.4600000000 2.5049900000 1.4600000000 1 P 43
L 2.5049900000 1.4600000000 2.51332 1.4683300000 1 P 43
L 2.0692600000 0.96194 2.0609300000 0.9702700000 1 P 43
L 2.0609300000 0.9702700000 2.04427 0.9702700000 1 P 43
L 2.04427 0.9702700000 2.03594 0.96194 1 P 43
L 2.03594 0.96194 2.03594 0.92861 1 P 43
L 2.03594 0.92861 2.04427 0.9202800000 1 P 43
L 2.04427 0.9202800000 2.0609300000 0.9202800000 1 P 43
L 2.0609300000 0.9202800000 2.0692600000 0.92861 1 P 43
L 1.8772600000 0.96194 1.8689300000 0.9702700000 1 P 43
L 1.8689300000 0.9702700000 1.85227 0.9702700000 1 P 43
L 1.85227 0.9702700000 1.8439400000 0.96194 1 P 43
L 1.8439400000 0.96194 1.8439400000 0.92861 1 P 43
L 1.8439400000 0.92861 1.85227 0.9202800000 1 P 43
L 1.85227 0.9202800000 1.8689300000 0.9202800000 1 P 43
L 1.8689300000 0.9202800000 1.8772600000 0.92861 1 P 43
L 0.65332 1.63694 0.6449900000 1.64527 1 P 43
L 0.6449900000 1.64527 0.62833 1.64527 1 P 43
L 0.62833 1.64527 0.6200000000 1.63694 1 P 43
L 0.6200000000 1.63694 0.6200000000 1.60362 1 P 43
L 0.6200000000 1.60362 0.62833 1.59528 1 P 43
L 0.62833 1.59528 0.6449900000 1.59528 1 P 43
L 0.6449900000 1.59528 0.65332 1.60362 1 P 43
L 1.80332 0.1119400000 1.79499 0.12027 1 P 43
L 1.79499 0.12027 1.7783300000 0.12027 1 P 43
L 1.7783300000 0.12027 1.77 0.1119400000 1 P 43
L 1.77 0.1119400000 1.77 0.0786200000 1 P 43
L 1.77 0.0786200000 1.7783300000 0.0702800000 1 P 43
L 1.7783300000 0.0702800000 1.79499 0.0702800000 1 P 43
L 1.79499 0.0702800000 1.80332 0.0786200000 1 P 43
L 1.0033200000 0.1119400000 0.99499 0.12027 1 P 43
L 0.99499 0.12027 0.97833 0.12027 1 P 43
L 0.97833 0.12027 0.9700000000 0.1119400000 1 P 43
L 0.9700000000 0.1119400000 0.9700000000 0.0786200000 1 P 43
L 0.9700000000 0.0786200000 0.97833 0.0702800000 1 P 43
L 0.97833 0.0702800000 0.99499 0.0702800000 1 P 43
L 0.99499 0.0702800000 1.0033200000 0.0786200000 1 P 43
L 0.65332 0.1119400000 0.6449900000 0.12027 1 P 43
L 0.6449900000 0.12027 0.62833 0.12027 1 P 43
L 0.62833 0.12027 0.6200000000 0.1119400000 1 P 43
L 0.6200000000 0.1119400000 0.6200000000 0.0786200000 1 P 43
L 0.6200000000 0.0786200000 0.62833 0.0702800000 1 P 43
L 0.62833 0.0702800000 0.6449900000 0.0702800000 1 P 43
L 0.6449900000 0.0702800000 0.65332 0.0786200000 1 P 43
L 0.8533200000 0.5119400000 0.84499 0.52027 1 P 43
L 0.84499 0.52027 0.82833 0.52027 1 P 43
L 0.82833 0.52027 0.8200000000 0.5119400000 1 P 43
L 0.8200000000 0.5119400000 0.8200000000 0.4786100000 1 P 43
L 0.8200000000 0.4786100000 0.82833 0.4702800000 1 P 43
L 0.82833 0.4702800000 0.84499 0.4702800000 1 P 43
L 0.84499 0.4702800000 0.8533200000 0.4786100000 1 P 43
L 0.8533200000 0.7619400000 0.84499 0.77027 1 P 43
L 0.84499 0.77027 0.82833 0.77027 1 P 43
L 0.82833 0.77027 0.8200000000 0.7619400000 1 P 43
L 0.8200000000 0.7619400000 0.8200000000 0.7286100000 1 P 43
L 0.8200000000 0.7286100000 0.82833 0.72028 1 P 43
L 0.82833 0.72028 0.84499 0.72028 1 P 43
L 0.84499 0.72028 0.8533200000 0.7286100000 1 P 43
L 1.60332 1.1419400000 1.5949900000 1.1502700000 1 P 43
L 1.5949900000 1.1502700000 1.57833 1.1502700000 1 P 43
L 1.57833 1.1502700000 1.57 1.1419400000 1 P 43
L 1.57 1.1419400000 1.57 1.1086200000 1 P 43
L 1.57 1.1086200000 1.57833 1.1002800000 1 P 43
L 1.57833 1.1002800000 1.5949900000 1.1002800000 1 P 43
L 1.5949900000 1.1002800000 1.60332 1.1086200000 1 P 43
L 1.60332 1.18694 1.5949900000 1.19527 1 P 43
L 1.5949900000 1.19527 1.57833 1.19527 1 P 43
L 1.57833 1.19527 1.57 1.18694 1 P 43
L 1.57 1.18694 1.57 1.15361 1 P 43
L 1.57 1.15361 1.57833 1.14528 1 P 43
L 1.57833 1.14528 1.5949900000 1.14528 1 P 43
L 1.5949900000 1.14528 1.60332 1.15361 1 P 43
L 1.60332 1.2269400000 1.5949900000 1.23527 1 P 43
L 1.5949900000 1.23527 1.57833 1.23527 1 P 43
L 1.57833 1.23527 1.57 1.2269400000 1 P 43
L 1.57 1.2269400000 1.57 1.19361 1 P 43
L 1.57 1.19361 1.57833 1.1852800000 1 P 43
L 1.57833 1.1852800000 1.5949900000 1.1852800000 1 P 43
L 1.5949900000 1.1852800000 1.60332 1.19361 1 P 43
L 1.60332 1.2769400000 1.5949900000 1.2852700000 1 P 43
L 1.5949900000 1.2852700000 1.57833 1.2852700000 1 P 43
L 1.57833 1.2852700000 1.57 1.2769400000 1 P 43
L 1.57 1.2769400000 1.57 1.2436200000 1 P 43
L 1.57 1.2436200000 1.57833 1.2352800000 1 P 43
L 1.57833 1.2352800000 1.5949900000 1.2352800000 1 P 43
L 1.5949900000 1.2352800000 1.60332 1.2436200000 1 P 43
L 1.55332 1.4119400000 1.54499 1.4202700000 1 P 43
L 1.54499 1.4202700000 1.5283300000 1.4202700000 1 P 43
L 1.5283300000 1.4202700000 1.52 1.4119400000 1 P 43
L 1.52 1.4119400000 1.52 1.3786200000 1 P 43
L 1.52 1.3786200000 1.5283300000 1.3702800000 1 P 43
L 1.5283300000 1.3702800000 1.54499 1.3702800000 1 P 43
L 1.54499 1.3702800000 1.55332 1.3786200000 1 P 43
L 1.4433200000 0.73365 1.4349900000 0.7419800000 1 P 43
L 1.4349900000 0.7419800000 1.41833 0.7419800000 1 P 43
L 1.41833 0.7419800000 1.4100000000 0.73365 1 P 43
L 1.4100000000 0.73365 1.4100000000 0.70033 1 P 43
L 1.4100000000 0.70033 1.41833 0.6920000000 1 P 43
L 1.41833 0.6920000000 1.4349900000 0.6920000000 1 P 43
L 1.4349900000 0.6920000000 1.4433200000 0.70033 1 P 43
L 3.31726 1.1119400000 3.30893 1.12027 1 P 43
L 3.30893 1.12027 3.2922700000 1.12027 1 P 43
L 3.2922700000 1.12027 3.2839400000 1.1119400000 1 P 43
L 3.2839400000 1.1119400000 3.2839400000 1.07861 1 P 43
L 3.2839400000 1.07861 3.2922700000 1.0702800000 1 P 43
L 3.2922700000 1.0702800000 3.30893 1.0702800000 1 P 43
L 3.30893 1.0702800000 3.31726 1.07861 1 P 43
L 1.65832 0.8056500000 1.64999 0.81398 1 P 43
L 1.64999 0.81398 1.6333300000 0.81398 1 P 43
L 1.6333300000 0.81398 1.625 0.8056500000 1 P 43
L 1.625 0.8056500000 1.625 0.7723300000 1 P 43
L 1.625 0.7723300000 1.6333300000 0.764 1 P 43
L 1.6333300000 0.764 1.64999 0.764 1 P 43
L 1.64999 0.764 1.65832 0.7723300000 1 P 43
L 1.3732600000 1.10694 1.3649300000 1.1152700000 1 P 43
L 1.3649300000 1.1152700000 1.34827 1.1152700000 1 P 43
L 1.34827 1.1152700000 1.3399400000 1.10694 1 P 43
L 1.3399400000 1.10694 1.3399400000 1.0736100000 1 P 43
L 1.3399400000 1.0736100000 1.34827 1.06528 1 P 43
L 1.34827 1.06528 1.3649300000 1.06528 1 P 43
L 1.3649300000 1.06528 1.3732600000 1.0736100000 1 P 43
L 1.5033200000 1.10165 1.49499 1.1099800000 1 P 43
L 1.49499 1.1099800000 1.4783300000 1.1099800000 1 P 43
L 1.4783300000 1.1099800000 1.4700000000 1.10165 1 P 43
L 1.4700000000 1.10165 1.4700000000 1.06833 1 P 43
L 1.4700000000 1.06833 1.4783300000 1.06 1 P 43
L 1.4783300000 1.06 1.49499 1.06 1 P 43
L 1.49499 1.06 1.5033200000 1.06833 1 P 43
L 1.35332 1.2645000000 1.3449900000 1.2728300000 1 P 43
L 1.3449900000 1.2728300000 1.32833 1.2728300000 1 P 43
L 1.32833 1.2728300000 1.32 1.2645000000 1 P 43
L 1.32 1.2645000000 1.32 1.2311800000 1 P 43
L 1.32 1.2311800000 1.32833 1.2228500000 1 P 43
L 1.32833 1.2228500000 1.3449900000 1.2228500000 1 P 43
L 1.3449900000 1.2228500000 1.35332 1.2311800000 1 P 43
L 2.08332 1.4319400000 2.07499 1.4402700000 1 P 43
L 2.07499 1.4402700000 2.05833 1.4402700000 1 P 43
L 2.05833 1.4402700000 2.0500000000 1.4319400000 1 P 43
L 2.0500000000 1.4319400000 2.0500000000 1.3986200000 1 P 43
L 2.0500000000 1.3986200000 2.05833 1.3902800000 1 P 43
L 2.05833 1.3902800000 2.07499 1.3902800000 1 P 43
L 2.07499 1.3902800000 2.08332 1.3986200000 1 P 43
L 2.1133200000 1.3919400000 2.1049900000 1.4002700000 1 P 43
L 2.1049900000 1.4002700000 2.08833 1.4002700000 1 P 43
L 2.08833 1.4002700000 2.08 1.3919400000 1 P 43
L 2.08 1.3919400000 2.08 1.3586200000 1 P 43
L 2.08 1.3586200000 2.08833 1.3502800000 1 P 43
L 2.08833 1.3502800000 2.1049900000 1.3502800000 1 P 43
L 2.1049900000 1.3502800000 2.1133200000 1.3586200000 1 P 43
L 2.14332 1.3519400000 2.13499 1.36027 1 P 43
L 2.13499 1.36027 2.1183300000 1.36027 1 P 43
L 2.1183300000 1.36027 2.1100000000 1.3519400000 1 P 43
L 2.1100000000 1.3519400000 2.1100000000 1.31861 1 P 43
L 2.1100000000 1.31861 2.1183300000 1.3102800000 1 P 43
L 2.1183300000 1.3102800000 2.13499 1.3102800000 1 P 43
L 2.13499 1.3102800000 2.14332 1.31861 1 P 43
L 2.1783200000 1.32694 2.1699900000 1.3352700000 1 P 43
L 2.1699900000 1.3352700000 2.1533300000 1.3352700000 1 P 43
L 2.1533300000 1.3352700000 2.145 1.32694 1 P 43
L 2.145 1.32694 2.145 1.2936100000 1 P 43
L 2.145 1.2936100000 2.1533300000 1.2852800000 1 P 43
L 2.1533300000 1.2852800000 2.1699900000 1.2852800000 1 P 43
L 2.1699900000 1.2852800000 2.1783200000 1.2936100000 1 P 43
L 2.30608 1.29969 2.29775 1.3080200000 1 P 43
L 2.29775 1.3080200000 2.2810900000 1.3080200000 1 P 43
L 2.2810900000 1.3080200000 2.2727600000 1.29969 1 P 43
L 2.2727600000 1.29969 2.2727600000 1.2663700000 1 P 43
L 2.2727600000 1.2663700000 2.2810900000 1.25804 1 P 43
L 2.2810900000 1.25804 2.29775 1.25804 1 P 43
L 2.29775 1.25804 2.30608 1.2663700000 1 P 43
L 2.3375700000 1.25119 2.3292400000 1.2595200000 1 P 43
L 2.3292400000 1.2595200000 2.31258 1.2595200000 1 P 43
L 2.31258 1.2595200000 2.30425 1.25119 1 P 43
L 2.30425 1.25119 2.30425 1.21787 1 P 43
L 2.30425 1.21787 2.31258 1.20954 1 P 43
L 2.31258 1.20954 2.3292400000 1.20954 1 P 43
L 2.3292400000 1.20954 2.3375700000 1.21787 1 P 43
L 2.36832 1.2069400000 2.3599900000 1.21527 1 P 43
L 2.3599900000 1.21527 2.3433300000 1.21527 1 P 43
L 2.3433300000 1.21527 2.3350000000 1.2069400000 1 P 43
L 2.3350000000 1.2069400000 2.3350000000 1.17361 1 P 43
L 2.3350000000 1.17361 2.3433300000 1.16528 1 P 43
L 2.3433300000 1.16528 2.3599900000 1.16528 1 P 43
L 2.3599900000 1.16528 2.36832 1.17361 1 P 43
L 1.38932 1.2881300000 1.3809900000 1.2964600000 1 P 43
L 1.3809900000 1.2964600000 1.36433 1.2964600000 1 P 43
L 1.36433 1.2964600000 1.356 1.2881300000 1 P 43
L 1.356 1.2881300000 1.356 1.2548000000 1 P 43
L 1.356 1.2548000000 1.36433 1.2464700000 1 P 43
L 1.36433 1.2464700000 1.3809900000 1.2464700000 1 P 43
L 1.3809900000 1.2464700000 1.38932 1.2548000000 1 P 43
L 1.35332 1.3117500000 1.3449900000 1.3200800000 1 P 43
L 1.3449900000 1.3200800000 1.32833 1.3200800000 1 P 43
L 1.32833 1.3200800000 1.32 1.3117500000 1 P 43
L 1.32 1.3117500000 1.32 1.2784200000 1 P 43
L 1.32 1.2784200000 1.32833 1.2700900000 1 P 43
L 1.32833 1.2700900000 1.3449900000 1.2700900000 1 P 43
L 1.3449900000 1.2700900000 1.35332 1.2784200000 1 P 43
L 1.38932 1.3353700000 1.3809900000 1.3437000000 1 P 43
L 1.3809900000 1.3437000000 1.36433 1.3437000000 1 P 43
L 1.36433 1.3437000000 1.356 1.3353700000 1 P 43
L 1.356 1.3353700000 1.356 1.3020500000 1 P 43
L 1.356 1.3020500000 1.36433 1.2937200000 1 P 43
L 1.36433 1.2937200000 1.3809900000 1.2937200000 1 P 43
L 1.3809900000 1.2937200000 1.38932 1.3020500000 1 P 43
L 1.3883200000 1.3826100000 1.37999 1.39094 1 P 43
L 1.37999 1.39094 1.3633300000 1.39094 1 P 43
L 1.3633300000 1.39094 1.3550000000 1.3826100000 1 P 43
L 1.3550000000 1.3826100000 1.3550000000 1.34929 1 P 43
L 1.3550000000 1.34929 1.3633300000 1.3409600000 1 P 43
L 1.3633300000 1.3409600000 1.37999 1.3409600000 1 P 43
L 1.37999 1.3409600000 1.3883200000 1.34929 1 P 43
L 1.55332 1.3719400000 1.54499 1.38027 1 P 43
L 1.54499 1.38027 1.5283300000 1.38027 1 P 43
L 1.5283300000 1.38027 1.52 1.3719400000 1 P 43
L 1.52 1.3719400000 1.52 1.33861 1 P 43
L 1.52 1.33861 1.5283300000 1.3302800000 1 P 43
L 1.5283300000 1.3302800000 1.54499 1.3302800000 1 P 43
L 1.54499 1.3302800000 1.55332 1.33861 1 P 43
L 1.35332 1.4062400000 1.3449900000 1.41457 1 P 43
L 1.3449900000 1.41457 1.32833 1.41457 1 P 43
L 1.32833 1.41457 1.32 1.4062400000 1 P 43
L 1.32 1.4062400000 1.32 1.37291 1 P 43
L 1.32 1.37291 1.32833 1.3645800000 1 P 43
L 1.32833 1.3645800000 1.3449900000 1.3645800000 1 P 43
L 1.3449900000 1.3645800000 1.35332 1.37291 1 P 43
L 1.26126 1.0819400000 1.25293 1.09027 1 P 43
L 1.25293 1.09027 1.2362700000 1.09027 1 P 43
L 1.2362700000 1.09027 1.22794 1.0819400000 1 P 43
L 1.22794 1.0819400000 1.22794 1.04861 1 P 43
L 1.22794 1.04861 1.2362700000 1.04028 1 P 43
L 1.2362700000 1.04028 1.25293 1.04028 1 P 43
L 1.25293 1.04028 1.26126 1.04861 1 P 43
L 1.26126 1.21194 1.25293 1.2202700000 1 P 43
L 1.25293 1.2202700000 1.2362700000 1.2202700000 1 P 43
L 1.2362700000 1.2202700000 1.22794 1.21194 1 P 43
L 1.22794 1.21194 1.22794 1.1786100000 1 P 43
L 1.22794 1.1786100000 1.2362700000 1.1702800000 1 P 43
L 1.2362700000 1.1702800000 1.25293 1.1702800000 1 P 43
L 1.25293 1.1702800000 1.26126 1.1786100000 1 P 43
L 2.26926 0.96194 2.26093 0.9702700000 1 P 43
L 2.26093 0.9702700000 2.24427 0.9702700000 1 P 43
L 2.24427 0.9702700000 2.2359400000 0.96194 1 P 43
L 2.2359400000 0.96194 2.2359400000 0.92861 1 P 43
L 2.2359400000 0.92861 2.24427 0.9202800000 1 P 43
L 2.24427 0.9202800000 2.26093 0.9202800000 1 P 43
L 2.26093 0.9202800000 2.26926 0.92861 1 P 43
L 1.65832 0.96565 1.64999 0.9739800000 1 P 43
L 1.64999 0.9739800000 1.6333300000 0.9739800000 1 P 43
L 1.6333300000 0.9739800000 1.625 0.96565 1 P 43
L 1.625 0.96565 1.625 0.9323300000 1 P 43
L 1.625 0.9323300000 1.6333300000 0.924 1 P 43
L 1.6333300000 0.924 1.64999 0.924 1 P 43
L 1.64999 0.924 1.65832 0.9323300000 1 P 43
L 3.31726 1.26194 3.30893 1.27027 1 P 43
L 3.30893 1.27027 3.2922700000 1.27027 1 P 43
L 3.2922700000 1.27027 3.2839400000 1.26194 1 P 43
L 3.2839400000 1.26194 3.2839400000 1.22862 1 P 43
L 3.2839400000 1.22862 3.2922700000 1.22028 1 P 43
L 3.2922700000 1.22028 3.30893 1.22028 1 P 43
L 3.30893 1.22028 3.31726 1.22862 1 P 43
L 1.26126 0.96694 1.25293 0.9752700000 1 P 43
L 1.25293 0.9752700000 1.2362700000 0.9752700000 1 P 43
L 1.2362700000 0.9752700000 1.22794 0.96694 1 P 43
L 1.22794 0.96694 1.22794 0.93362 1 P 43
L 1.22794 0.93362 1.2362700000 0.9252800000 1 P 43
L 1.2362700000 0.9252800000 1.25293 0.9252800000 1 P 43
L 1.25293 0.9252800000 1.26126 0.93362 1 P 43
L 1.3732600000 1.0269400000 1.3649300000 1.0352700000 1 P 43
L 1.3649300000 1.0352700000 1.34827 1.0352700000 1 P 43
L 1.34827 1.0352700000 1.3399400000 1.0269400000 1 P 43
L 1.3399400000 1.0269400000 1.3399400000 0.9936100000 1 P 43
L 1.3399400000 0.9936100000 1.34827 0.98528 1 P 43
L 1.34827 0.98528 1.3649300000 0.98528 1 P 43
L 1.3649300000 0.98528 1.3732600000 0.9936100000 1 P 43
L 1.4433200000 0.96565 1.4349900000 0.9739800000 1 P 43
L 1.4349900000 0.9739800000 1.41833 0.9739800000 1 P 43
L 1.41833 0.9739800000 1.4100000000 0.96565 1 P 43
L 1.4100000000 0.96565 1.4100000000 0.9323300000 1 P 43
L 1.4100000000 0.9323300000 1.41833 0.924 1 P 43
L 1.41833 0.924 1.4349900000 0.924 1 P 43
L 1.4349900000 0.924 1.4433200000 0.9323300000 1 P 43
L 1.3732600000 1.18694 1.3649300000 1.19527 1 P 43
L 1.3649300000 1.19527 1.34827 1.19527 1 P 43
L 1.34827 1.19527 1.3399400000 1.18694 1 P 43
L 1.3399400000 1.18694 1.3399400000 1.15361 1 P 43
L 1.3399400000 1.15361 1.34827 1.14528 1 P 43
L 1.34827 1.14528 1.3649300000 1.14528 1 P 43
L 1.3649300000 1.14528 1.3732600000 1.15361 1 P 43
L 1.36132 1.63094 1.3529900000 1.63927 1 P 43
L 1.3529900000 1.63927 1.33633 1.63927 1 P 43
L 1.33633 1.63927 1.328 1.63094 1 P 43
L 1.328 1.63094 1.328 1.59762 1 P 43
L 1.328 1.59762 1.33633 1.58928 1 P 43
L 1.33633 1.58928 1.3529900000 1.58928 1 P 43
L 1.3529900000 1.58928 1.36132 1.59762 1 P 43
L 2.7133200000 1.5016500000 2.70499 1.50998 1 P 43
L 2.70499 1.50998 2.68833 1.50998 1 P 43
L 2.68833 1.50998 2.68 1.5016500000 1 P 43
L 2.68 1.5016500000 2.68 1.4683300000 1 P 43
L 2.68 1.4683300000 2.68833 1.4600000000 1 P 43
L 2.68833 1.4600000000 2.70499 1.4600000000 1 P 43
L 2.70499 1.4600000000 2.7133200000 1.4683300000 1 P 43
L 2.1892600000 1.72194 2.18093 1.7302700000 1 P 43
L 2.18093 1.7302700000 2.16427 1.7302700000 1 P 43
L 2.16427 1.7302700000 2.15594 1.72194 1 P 43
L 2.15594 1.72194 2.15594 1.6886100000 1 P 43
L 2.15594 1.6886100000 2.16427 1.6802800000 1 P 43
L 2.16427 1.6802800000 2.18093 1.6802800000 1 P 43
L 2.18093 1.6802800000 2.1892600000 1.6886100000 1 P 43
L 2.5812600000 1.72194 2.5729300000 1.7302700000 1 P 43
L 2.5729300000 1.7302700000 2.55627 1.7302700000 1 P 43
L 2.55627 1.7302700000 2.54794 1.72194 1 P 43
L 2.54794 1.72194 2.54794 1.6886100000 1 P 43
L 2.54794 1.6886100000 2.55627 1.6802800000 1 P 43
L 2.55627 1.6802800000 2.5729300000 1.6802800000 1 P 43
L 2.5729300000 1.6802800000 2.5812600000 1.6886100000 1 P 43
L 2.0052600000 1.72194 1.99693 1.7302700000 1 P 43
L 1.99693 1.7302700000 1.9802700000 1.7302700000 1 P 43
L 1.9802700000 1.7302700000 1.97194 1.72194 1 P 43
L 1.97194 1.72194 1.97194 1.6886100000 1 P 43
L 1.97194 1.6886100000 1.9802700000 1.6802800000 1 P 43
L 1.9802700000 1.6802800000 1.99693 1.6802800000 1 P 43
L 1.99693 1.6802800000 2.0052600000 1.6886100000 1 P 43
L 1.03726 1.50194 1.0289300000 1.51027 1 P 43
L 1.0289300000 1.51027 1.01227 1.51027 1 P 43
L 1.01227 1.51027 1.00394 1.50194 1 P 43
L 1.00394 1.50194 1.00394 1.46862 1 P 43
L 1.00394 1.46862 1.01227 1.46028 1 P 43
L 1.01227 1.46028 1.0289300000 1.46028 1 P 43
L 1.0289300000 1.46028 1.03726 1.46862 1 P 43
L 0.8533200000 1.63694 0.84499 1.64527 1 P 43
L 0.84499 1.64527 0.82833 1.64527 1 P 43
L 0.82833 1.64527 0.8200000000 1.63694 1 P 43
L 0.8200000000 1.63694 0.8200000000 1.60362 1 P 43
L 0.8200000000 1.60362 0.82833 1.59528 1 P 43
L 0.82833 1.59528 0.84499 1.59528 1 P 43
L 0.84499 1.59528 0.8533200000 1.60362 1 P 43
L 1.0033200000 0.6369400000 0.99499 0.64527 1 P 43
L 0.99499 0.64527 0.97833 0.64527 1 P 43
L 0.97833 0.64527 0.9700000000 0.6369400000 1 P 43
L 0.9700000000 0.6369400000 0.9700000000 0.6036100000 1 P 43
L 0.9700000000 0.6036100000 0.97833 0.59528 1 P 43
L 0.97833 0.59528 0.99499 0.59528 1 P 43
L 0.99499 0.59528 1.0033200000 0.6036100000 1 P 43
L 1.35332 0.4869400000 1.3449900000 0.4952700000 1 P 43
L 1.3449900000 0.4952700000 1.32833 0.4952700000 1 P 43
L 1.32833 0.4952700000 1.32 0.4869400000 1 P 43
L 1.32 0.4869400000 1.32 0.45362 1 P 43
L 1.32 0.45362 1.32833 0.44528 1 P 43
L 1.32833 0.44528 1.3449900000 0.44528 1 P 43
L 1.3449900000 0.44528 1.35332 0.45362 1 P 43
L 1.10332 0.5119400000 1.0949900000 0.52027 1 P 43
L 1.0949900000 0.52027 1.07833 0.52027 1 P 43
L 1.07833 0.52027 1.07 0.5119400000 1 P 43
L 1.07 0.5119400000 1.07 0.4786100000 1 P 43
L 1.07 0.4786100000 1.07833 0.4702800000 1 P 43
L 1.07833 0.4702800000 1.0949900000 0.4702800000 1 P 43
L 1.0949900000 0.4702800000 1.10332 0.4786100000 1 P 43
L 1.2033200000 0.4869400000 1.1949900000 0.4952700000 1 P 43
L 1.1949900000 0.4952700000 1.17833 0.4952700000 1 P 43
L 1.17833 0.4952700000 1.1700000000 0.4869400000 1 P 43
L 1.1700000000 0.4869400000 1.1700000000 0.45362 1 P 43
L 1.1700000000 0.45362 1.17833 0.44528 1 P 43
L 1.17833 0.44528 1.1949900000 0.44528 1 P 43
L 1.1949900000 0.44528 1.2033200000 0.45362 1 P 43
L 1.00526 1.3619400000 0.9969300000 1.37027 1 P 43
L 0.9969300000 1.37027 0.9802700000 1.37027 1 P 43
L 0.9802700000 1.37027 0.97194 1.3619400000 1 P 43
L 0.97194 1.3619400000 0.97194 1.32861 1 P 43
L 0.97194 1.32861 0.9802700000 1.3202800000 1 P 43
L 0.9802700000 1.3202800000 0.9969300000 1.3202800000 1 P 43
L 0.9969300000 1.3202800000 1.00526 1.32861 1 P 43
L 1.4433200000 0.8056500000 1.4349900000 0.81398 1 P 43
L 1.4349900000 0.81398 1.41833 0.81398 1 P 43
L 1.41833 0.81398 1.4100000000 0.8056500000 1 P 43
L 1.4100000000 0.8056500000 1.4100000000 0.7723300000 1 P 43
L 1.4100000000 0.7723300000 1.41833 0.764 1 P 43
L 1.41833 0.764 1.4349900000 0.764 1 P 43
L 1.4349900000 0.764 1.4433200000 0.7723300000 1 P 43
L 1.06126 1.71194 1.0529300000 1.7202700000 1 P 43
L 1.0529300000 1.7202700000 1.03627 1.7202700000 1 P 43
L 1.03627 1.7202700000 1.02794 1.71194 1 P 43
L 1.02794 1.71194 1.02794 1.6786100000 1 P 43
L 1.02794 1.6786100000 1.03627 1.6702800000 1 P 43
L 1.03627 1.6702800000 1.0529300000 1.6702800000 1 P 43
L 1.0529300000 1.6702800000 1.06126 1.6786100000 1 P 43
L 1.0033200000 1.0616500000 0.99499 1.0699800000 1 P 43
L 0.99499 1.0699800000 0.97833 1.0699800000 1 P 43
L 0.97833 1.0699800000 0.9700000000 1.0616500000 1 P 43
L 0.9700000000 1.0616500000 0.9700000000 1.0283300000 1 P 43
L 0.9700000000 1.0283300000 0.97833 1.02 1 P 43
L 0.97833 1.02 0.99499 1.02 1 P 43
L 0.99499 1.02 1.0033200000 1.0283300000 1 P 43
L 2.5733200000 0.74165 2.5649900000 0.7499800000 1 P 43
L 2.5649900000 0.7499800000 2.5483300000 0.7499800000 1 P 43
L 2.5483300000 0.7499800000 2.54 0.74165 1 P 43
L 2.54 0.74165 2.54 0.70833 1 P 43
L 2.54 0.70833 2.5483300000 0.7000000000 1 P 43
L 2.5483300000 0.7000000000 2.5649900000 0.7000000000 1 P 43
L 2.5649900000 0.7000000000 2.5733200000 0.70833 1 P 43
L 0.65332 1.3619400000 0.6449900000 1.37027 1 P 43
L 0.6449900000 1.37027 0.62833 1.37027 1 P 43
L 0.62833 1.37027 0.6200000000 1.3619400000 1 P 43
L 0.6200000000 1.3619400000 0.6200000000 1.32861 1 P 43
L 0.6200000000 1.32861 0.62833 1.3202800000 1 P 43
L 0.62833 1.3202800000 0.6449900000 1.3202800000 1 P 43
L 0.6449900000 1.3202800000 0.65332 1.32861 1 P 43
L 0.65332 1.06194 0.6449900000 1.07027 1 P 43
L 0.6449900000 1.07027 0.62833 1.07027 1 P 43
L 0.62833 1.07027 0.6200000000 1.06194 1 P 43
L 0.6200000000 1.06194 0.6200000000 1.02861 1 P 43
L 0.6200000000 1.02861 0.62833 1.02028 1 P 43
L 0.62833 1.02028 0.6449900000 1.02028 1 P 43
L 0.6449900000 1.02028 0.65332 1.02861 1 P 43
L 0.65332 0.5119400000 0.6449900000 0.52027 1 P 43
L 0.6449900000 0.52027 0.62833 0.52027 1 P 43
L 0.62833 0.52027 0.6200000000 0.5119400000 1 P 43
L 0.6200000000 0.5119400000 0.6200000000 0.4786100000 1 P 43
L 0.6200000000 0.4786100000 0.62833 0.4702800000 1 P 43
L 0.62833 0.4702800000 0.6449900000 0.4702800000 1 P 43
L 0.6449900000 0.4702800000 0.65332 0.4786100000 1 P 43
L 0.65332 0.7619400000 0.6449900000 0.77027 1 P 43
L 0.6449900000 0.77027 0.62833 0.77027 1 P 43
L 0.62833 0.77027 0.6200000000 0.7619400000 1 P 43
L 0.6200000000 0.7619400000 0.6200000000 0.7286100000 1 P 43
L 0.6200000000 0.7286100000 0.62833 0.72028 1 P 43
L 0.62833 0.72028 0.6449900000 0.72028 1 P 43
L 0.6449900000 0.72028 0.65332 0.7286100000 1 P 43
L 1.8783200000 0.8056500000 1.86999 0.81398 1 P 43
L 1.86999 0.81398 1.8533300000 0.81398 1 P 43
L 1.8533300000 0.81398 1.8450000000 0.8056500000 1 P 43
L 1.8450000000 0.8056500000 1.8450000000 0.7723300000 1 P 43
L 1.8450000000 0.7723300000 1.8533300000 0.764 1 P 43
L 1.8533300000 0.764 1.86999 0.764 1 P 43
L 1.86999 0.764 1.8783200000 0.7723300000 1 P 43
L 2.0683200000 0.8056500000 2.0599900000 0.81398 1 P 43
L 2.0599900000 0.81398 2.04333 0.81398 1 P 43
L 2.04333 0.81398 2.035 0.8056500000 1 P 43
L 2.035 0.8056500000 2.035 0.7723300000 1 P 43
L 2.035 0.7723300000 2.04333 0.764 1 P 43
L 2.04333 0.764 2.0599900000 0.764 1 P 43
L 2.0599900000 0.764 2.0683200000 0.7723300000 1 P 43
L 2.38126 1.72194 2.37293 1.7302700000 1 P 43
L 2.37293 1.7302700000 2.3562700000 1.7302700000 1 P 43
L 2.3562700000 1.7302700000 2.3479400000 1.72194 1 P 43
L 2.3479400000 1.72194 2.3479400000 1.6886100000 1 P 43
L 2.3479400000 1.6886100000 2.3562700000 1.6802800000 1 P 43
L 2.3562700000 1.6802800000 2.37293 1.6802800000 1 P 43
L 2.37293 1.6802800000 2.38126 1.6886100000 1 P 43
L 1.82926 1.72194 1.8209300000 1.7302700000 1 P 43
L 1.8209300000 1.7302700000 1.80427 1.7302700000 1 P 43
L 1.80427 1.7302700000 1.79594 1.72194 1 P 43
L 1.79594 1.72194 1.79594 1.6886100000 1 P 43
L 1.79594 1.6886100000 1.80427 1.6802800000 1 P 43
L 1.80427 1.6802800000 1.8209300000 1.6802800000 1 P 43
L 1.8209300000 1.6802800000 1.82926 1.6886100000 1 P 43
L 2.78126 1.72194 2.77293 1.7302700000 1 P 43
L 2.77293 1.7302700000 2.75627 1.7302700000 1 P 43
L 2.75627 1.7302700000 2.7479400000 1.72194 1 P 43
L 2.7479400000 1.72194 2.7479400000 1.6886100000 1 P 43
L 2.7479400000 1.6886100000 2.75627 1.6802800000 1 P 43
L 2.75627 1.6802800000 2.77293 1.6802800000 1 P 43
L 2.77293 1.6802800000 2.78126 1.6886100000 1 P 43
L 3.31726 0.96194 3.30893 0.9702700000 1 P 43
L 3.30893 0.9702700000 3.2922700000 0.9702700000 1 P 43
L 3.2922700000 0.9702700000 3.2839400000 0.96194 1 P 43
L 3.2839400000 0.96194 3.2839400000 0.92861 1 P 43
L 3.2839400000 0.92861 3.2922700000 0.9202800000 1 P 43
L 3.2922700000 0.9202800000 3.30893 0.9202800000 1 P 43
L 3.30893 0.9202800000 3.31726 0.92861 1 P 43
L 2.5033200000 0.8119400000 2.49499 0.82027 1 P 43
L 2.49499 0.82027 2.47833 0.82027 1 P 43
L 2.47833 0.82027 2.47 0.8119400000 1 P 43
L 2.47 0.8119400000 2.47 0.77861 1 P 43
L 2.47 0.77861 2.47833 0.7702800000 1 P 43
L 2.47833 0.7702800000 2.49499 0.7702800000 1 P 43
L 2.49499 0.7702800000 2.5033200000 0.77861 1 P 43
L 1.49832 1.06194 1.4899900000 1.07027 1 P 43
L 1.4899900000 1.07027 1.47333 1.07027 1 P 43
L 1.47333 1.07027 1.465 1.06194 1 P 43
L 1.465 1.06194 1.465 1.02861 1 P 43
L 1.465 1.02861 1.47333 1.02028 1 P 43
L 1.47333 1.02028 1.4899900000 1.02028 1 P 43
L 1.4899900000 1.02028 1.49832 1.02861 1 P 43
L 1.88332 1.66694 1.8749900000 1.67527 1 P 43
L 1.8749900000 1.67527 1.85833 1.67527 1 P 43
L 1.85833 1.67527 1.85 1.66694 1 P 43
L 1.85 1.66694 1.85 1.63362 1 P 43
L 1.85 1.63362 1.85833 1.62528 1 P 43
L 1.85833 1.62528 1.8749900000 1.62528 1 P 43
L 1.8749900000 1.62528 1.88332 1.63362 1 P 43
L 1.96832 1.62694 1.9599900000 1.63527 1 P 43
L 1.9599900000 1.63527 1.94333 1.63527 1 P 43
L 1.94333 1.63527 1.935 1.62694 1 P 43
L 1.935 1.62694 1.935 1.59362 1 P 43
L 1.935 1.59362 1.94333 1.58528 1 P 43
L 1.94333 1.58528 1.9599900000 1.58528 1 P 43
L 1.9599900000 1.58528 1.96832 1.59362 1 P 43
L 1.5183200000 1.64694 1.5099900000 1.65527 1 P 43
L 1.5099900000 1.65527 1.49333 1.65527 1 P 43
L 1.49333 1.65527 1.485 1.64694 1 P 43
L 1.485 1.64694 1.485 1.61362 1 P 43
L 1.485 1.61362 1.49333 1.60528 1 P 43
L 1.49333 1.60528 1.5099900000 1.60528 1 P 43
L 1.5099900000 1.60528 1.5183200000 1.61362 1 P 43
L 1.5183200000 1.5369400000 1.5099900000 1.5452700000 1 P 43
L 1.5099900000 1.5452700000 1.49333 1.5452700000 1 P 43
L 1.49333 1.5452700000 1.485 1.5369400000 1 P 43
L 1.485 1.5369400000 1.485 1.5036200000 1 P 43
L 1.485 1.5036200000 1.49333 1.4952800000 1 P 43
L 1.49333 1.4952800000 1.5099900000 1.4952800000 1 P 43
L 1.5099900000 1.4952800000 1.5183200000 1.5036200000 1 P 43
L 1.7433200000 1.68694 1.73499 1.69527 1 P 43
L 1.73499 1.69527 1.7183300000 1.69527 1 P 43
L 1.7183300000 1.69527 1.7100000000 1.68694 1 P 43
L 1.7100000000 1.68694 1.7100000000 1.65361 1 P 43
L 1.7100000000 1.65361 1.7183300000 1.64528 1 P 43
L 1.7183300000 1.64528 1.73499 1.64528 1 P 43
L 1.73499 1.64528 1.7433200000 1.65361 1 P 43
L 2.08108 1.51241 2.07275 1.5207400000 1 P 43
L 2.07275 1.5207400000 2.05609 1.5207400000 1 P 43
L 2.05609 1.5207400000 2.0477600000 1.51241 1 P 43
L 2.0477600000 1.51241 2.0477600000 1.47909 1 P 43
L 2.0477600000 1.47909 2.05609 1.47076 1 P 43
L 2.05609 1.47076 2.07275 1.47076 1 P 43
L 2.07275 1.47076 2.08108 1.47909 1 P 43
L 2.1125800000 1.4961900000 2.1042400000 1.50452 1 P 43
L 2.1042400000 1.50452 2.0875800000 1.50452 1 P 43
L 2.0875800000 1.50452 2.07925 1.4961900000 1 P 43
L 2.07925 1.4961900000 2.07925 1.4628700000 1 P 43
L 2.07925 1.4628700000 2.0875800000 1.4545400000 1 P 43
L 2.0875800000 1.4545400000 2.1042400000 1.4545400000 1 P 43
L 2.1042400000 1.4545400000 2.1125800000 1.4628700000 1 P 43
L 2.14407 1.5099 2.13574 1.51824 1 P 43
L 2.13574 1.51824 2.1190800000 1.51824 1 P 43
L 2.1190800000 1.51824 2.1107500000 1.5099 1 P 43
L 2.1107500000 1.5099 2.1107500000 1.47658 1 P 43
L 2.1107500000 1.47658 2.1190800000 1.46825 1 P 43
L 2.1190800000 1.46825 2.13574 1.46825 1 P 43
L 2.13574 1.46825 2.14407 1.47658 1 P 43
L 2.17557 1.4949000000 2.16724 1.50323 1 P 43
L 2.16724 1.50323 2.15057 1.50323 1 P 43
L 2.15057 1.50323 2.14224 1.4949000000 1 P 43
L 2.14224 1.4949000000 2.14224 1.46158 1 P 43
L 2.14224 1.46158 2.15057 1.45324 1 P 43
L 2.15057 1.45324 2.16724 1.45324 1 P 43
L 2.16724 1.45324 2.17557 1.46158 1 P 43
L 2.3063200000 1.5096500000 2.2979900000 1.51798 1 P 43
L 2.2979900000 1.51798 2.28133 1.51798 1 P 43
L 2.28133 1.51798 2.273 1.5096500000 1 P 43
L 2.273 1.5096500000 2.273 1.4763300000 1 P 43
L 2.273 1.4763300000 2.28133 1.4680000000 1 P 43
L 2.28133 1.4680000000 2.2979900000 1.4680000000 1 P 43
L 2.2979900000 1.4680000000 2.3063200000 1.4763300000 1 P 43
L 2.3375700000 1.4949000000 2.3292400000 1.5032400000 1 P 43
L 2.3292400000 1.5032400000 2.31258 1.5032400000 1 P 43
L 2.31258 1.5032400000 2.30425 1.4949000000 1 P 43
L 2.30425 1.4949000000 2.30425 1.46158 1 P 43
L 2.30425 1.46158 2.31258 1.4532500000 1 P 43
L 2.31258 1.4532500000 2.3292400000 1.4532500000 1 P 43
L 2.3292400000 1.4532500000 2.3375700000 1.46158 1 P 43
L 2.36932 1.5096500000 2.36099 1.51798 1 P 43
L 2.36099 1.51798 2.3443300000 1.51798 1 P 43
L 2.3443300000 1.51798 2.3360000000 1.5096500000 1 P 43
L 2.3360000000 1.5096500000 2.3360000000 1.4763300000 1 P 43
L 2.3360000000 1.4763300000 2.3443300000 1.4680000000 1 P 43
L 2.3443300000 1.4680000000 2.36099 1.4680000000 1 P 43
L 2.36099 1.4680000000 2.36932 1.4763300000 1 P 43
L 2.40057 1.4949000000 2.39224 1.50323 1 P 43
L 2.39224 1.50323 2.3755800000 1.50323 1 P 43
L 2.3755800000 1.50323 2.3672400000 1.4949000000 1 P 43
L 2.3672400000 1.4949000000 2.3672400000 1.46158 1 P 43
L 2.3672400000 1.46158 2.3755800000 1.45324 1 P 43
L 2.3755800000 1.45324 2.39224 1.45324 1 P 43
L 2.39224 1.45324 2.40057 1.46158 1 P 43
L 2.40057 1.1641800000 2.39224 1.1725100000 1 P 43
L 2.39224 1.1725100000 2.3755800000 1.1725100000 1 P 43
L 2.3755800000 1.1725100000 2.3672400000 1.1641800000 1 P 43
L 2.3672400000 1.1641800000 2.3672400000 1.1308600000 1 P 43
L 2.3672400000 1.1308600000 2.3755800000 1.12253 1 P 43
L 2.3755800000 1.12253 2.39224 1.12253 1 P 43
L 2.39224 1.12253 2.40057 1.1308600000 1 P 43
L 2.7183200000 0.5319400000 2.7099900000 0.54027 1 P 43
L 2.7099900000 0.54027 2.69333 0.54027 1 P 43
L 2.69333 0.54027 2.685 0.5319400000 1 P 43
L 2.685 0.5319400000 2.685 0.4986100000 1 P 43
L 2.685 0.4986100000 2.69333 0.4902800000 1 P 43
L 2.69333 0.4902800000 2.7099900000 0.4902800000 1 P 43
L 2.7099900000 0.4902800000 2.7183200000 0.4986100000 1 P 43
L 1.6433200000 1.52194 1.6349900000 1.53027 1 P 43
L 1.6349900000 1.53027 1.61833 1.53027 1 P 43
L 1.61833 1.53027 1.61 1.52194 1 P 43
L 1.61 1.52194 1.61 1.48862 1 P 43
L 1.61 1.48862 1.61833 1.48028 1 P 43
L 1.61833 1.48028 1.6349900000 1.48028 1 P 43
L 1.6349900000 1.48028 1.6433200000 1.48862 1 P 43
L 1.6433200000 1.1119400000 1.6349900000 1.12027 1 P 43
L 1.6349900000 1.12027 1.61833 1.12027 1 P 43
L 1.61833 1.12027 1.61 1.1119400000 1 P 43
L 1.61 1.1119400000 1.61 1.07861 1 P 43
L 1.61 1.07861 1.61833 1.0702800000 1 P 43
L 1.61833 1.0702800000 1.6349900000 1.0702800000 1 P 43
L 1.6349900000 1.0702800000 1.6433200000 1.07861 1 P 43
L 1.61982 1.45194 1.61149 1.4602700000 1 P 43
L 1.61149 1.4602700000 1.5948300000 1.4602700000 1 P 43
L 1.5948300000 1.4602700000 1.5865 1.45194 1 P 43
L 1.5865 1.45194 1.5865 1.4186100000 1 P 43
L 1.5865 1.4186100000 1.5948300000 1.4102800000 1 P 43
L 1.5948300000 1.4102800000 1.61149 1.4102800000 1 P 43
L 1.61149 1.4102800000 1.61982 1.4186100000 1 P 43
L 0.8533200000 1.06194 0.84499 1.07027 1 P 43
L 0.84499 1.07027 0.82833 1.07027 1 P 43
L 0.82833 1.07027 0.8200000000 1.06194 1 P 43
L 0.8200000000 1.06194 0.8200000000 1.02861 1 P 43
L 0.8200000000 1.02861 0.82833 1.02028 1 P 43
L 0.82833 1.02028 0.84499 1.02028 1 P 43
L 0.84499 1.02028 0.8533200000 1.02861 1 P 43
L 0.8533200000 1.3619400000 0.84499 1.37027 1 P 43
L 0.84499 1.37027 0.82833 1.37027 1 P 43
L 0.82833 1.37027 0.8200000000 1.3619400000 1 P 43
L 0.8200000000 1.3619400000 0.8200000000 1.32861 1 P 43
L 0.8200000000 1.32861 0.82833 1.3202800000 1 P 43
L 0.82833 1.3202800000 0.84499 1.3202800000 1 P 43
L 0.84499 1.3202800000 0.8533200000 1.32861 1 P 43
L 1.35332 0.4119400000 1.3449900000 0.4202700000 1 P 43
L 1.3449900000 0.4202700000 1.32833 0.4202700000 1 P 43
L 1.32833 0.4202700000 1.32 0.4119400000 1 P 43
L 1.32 0.4119400000 1.32 0.37861 1 P 43
L 1.32 0.37861 1.32833 0.3702800000 1 P 43
L 1.32833 0.3702800000 1.3449900000 0.3702800000 1 P 43
L 1.3449900000 0.3702800000 1.35332 0.37861 1 P 43
L 1.92832 0.3096500000 1.91999 0.3179800000 1 P 43
L 1.91999 0.3179800000 1.9033300000 0.3179800000 1 P 43
L 1.9033300000 0.3179800000 1.895 0.3096500000 1 P 43
L 1.895 0.3096500000 1.895 0.27633 1 P 43
L 1.895 0.27633 1.9033300000 0.268 1 P 43
L 1.9033300000 0.268 1.91999 0.268 1 P 43
L 1.91999 0.268 1.92832 0.27633 1 P 43
L 1.68832 0.3096500000 1.67999 0.3179800000 1 P 43
L 1.67999 0.3179800000 1.6633300000 0.3179800000 1 P 43
L 1.6633300000 0.3179800000 1.655 0.3096500000 1 P 43
L 1.655 0.3096500000 1.655 0.27633 1 P 43
L 1.655 0.27633 1.6633300000 0.268 1 P 43
L 1.6633300000 0.268 1.67999 0.268 1 P 43
L 1.67999 0.268 1.68832 0.27633 1 P 43
L 1.55332 0.6869400000 1.54499 0.69527 1 P 43
L 1.54499 0.69527 1.5283300000 0.69527 1 P 43
L 1.5283300000 0.69527 1.52 0.6869400000 1 P 43
L 1.52 0.6869400000 1.52 0.65361 1 P 43
L 1.52 0.65361 1.5283300000 0.6452800000 1 P 43
L 1.5283300000 0.6452800000 1.54499 0.6452800000 1 P 43
L 1.54499 0.6452800000 1.55332 0.65361 1 P 43
L 1.8283200000 0.6869400000 1.8199900000 0.69527 1 P 43
L 1.8199900000 0.69527 1.80333 0.69527 1 P 43
L 1.80333 0.69527 1.7950000000 0.6869400000 1 P 43
L 1.7950000000 0.6869400000 1.7950000000 0.65361 1 P 43
L 1.7950000000 0.65361 1.80333 0.6452800000 1 P 43
L 1.80333 0.6452800000 1.8199900000 0.6452800000 1 P 43
L 1.8199900000 0.6452800000 1.8283200000 0.65361 1 P 43
L 2.10332 0.6869400000 2.09499 0.69527 1 P 43
L 2.09499 0.69527 2.0783300000 0.69527 1 P 43
L 2.0783300000 0.69527 2.0700000000 0.6869400000 1 P 43
L 2.0700000000 0.6869400000 2.0700000000 0.65361 1 P 43
L 2.0700000000 0.65361 2.0783300000 0.6452800000 1 P 43
L 2.0783300000 0.6452800000 2.09499 0.6452800000 1 P 43
L 2.09499 0.6452800000 2.10332 0.65361 1 P 43
L 2.35332 0.6869400000 2.34499 0.69527 1 P 43
L 2.34499 0.69527 2.3283300000 0.69527 1 P 43
L 2.3283300000 0.69527 2.3200000000 0.6869400000 1 P 43
L 2.3200000000 0.6869400000 2.3200000000 0.65361 1 P 43
L 2.3200000000 0.65361 2.3283300000 0.6452800000 1 P 43
L 2.3283300000 0.6452800000 2.34499 0.6452800000 1 P 43
L 2.34499 0.6452800000 2.35332 0.65361 1 P 43
L 2.20332 0.1119400000 2.19499 0.12027 1 P 43
L 2.19499 0.12027 2.1783300000 0.12027 1 P 43
L 2.1783300000 0.12027 2.1700000000 0.1119400000 1 P 43
L 2.1700000000 0.1119400000 2.1700000000 0.0786200000 1 P 43
L 2.1700000000 0.0786200000 2.1783300000 0.0702800000 1 P 43
L 2.1783300000 0.0702800000 2.19499 0.0702800000 1 P 43
L 2.19499 0.0702800000 2.20332 0.0786200000 1 P 43
L 2.60332 0.1119400000 2.59499 0.12027 1 P 43
L 2.59499 0.12027 2.5783300000 0.12027 1 P 43
L 2.5783300000 0.12027 2.5700000000 0.1119400000 1 P 43
L 2.5700000000 0.1119400000 2.5700000000 0.0786200000 1 P 43
L 2.5700000000 0.0786200000 2.5783300000 0.0702800000 1 P 43
L 2.5783300000 0.0702800000 2.59499 0.0702800000 1 P 43
L 2.59499 0.0702800000 2.60332 0.0786200000 1 P 43
L 3.0033200000 0.1119400000 2.99499 0.12027 1 P 43
L 2.99499 0.12027 2.97833 0.12027 1 P 43
L 2.97833 0.12027 2.97 0.1119400000 1 P 43
L 2.97 0.1119400000 2.97 0.0786200000 1 P 43
L 2.97 0.0786200000 2.97833 0.0702800000 1 P 43
L 2.97833 0.0702800000 2.99499 0.0702800000 1 P 43
L 2.99499 0.0702800000 3.0033200000 0.0786200000 1 P 43
L 2.5412600000 0.26194 2.5329300000 0.27027 1 P 43
L 2.5329300000 0.27027 2.51627 0.27027 1 P 43
L 2.51627 0.27027 2.50794 0.26194 1 P 43
L 2.50794 0.26194 2.50794 0.2286200000 1 P 43
L 2.50794 0.2286200000 2.51627 0.22028 1 P 43
L 2.51627 0.22028 2.5329300000 0.22028 1 P 43
L 2.5329300000 0.22028 2.5412600000 0.2286200000 1 P 43
L 2.6533200000 0.33365 2.6449900000 0.34198 1 P 43
L 2.6449900000 0.34198 2.62833 0.34198 1 P 43
L 2.62833 0.34198 2.62 0.33365 1 P 43
L 2.62 0.33365 2.62 0.3003300000 1 P 43
L 2.62 0.3003300000 2.62833 0.2920000000 1 P 43
L 2.62833 0.2920000000 2.6449900000 0.2920000000 1 P 43
L 2.6449900000 0.2920000000 2.6533200000 0.3003300000 1 P 43
L 1.02926 0.3119400000 1.0209300000 0.3202700000 1 P 43
L 1.0209300000 0.3202700000 1.0042700000 0.3202700000 1 P 43
L 1.0042700000 0.3202700000 0.99594 0.3119400000 1 P 43
L 0.99594 0.3119400000 0.99594 0.27861 1 P 43
L 0.99594 0.27861 1.0042700000 0.27028 1 P 43
L 1.0042700000 0.27028 1.0209300000 0.27028 1 P 43
L 1.0209300000 0.27028 1.02926 0.27861 1 P 43
L 0.92832 0.7619400000 0.9199900000 0.77027 1 P 43
L 0.9199900000 0.77027 0.9033300000 0.77027 1 P 43
L 0.9033300000 0.77027 0.895 0.7619400000 1 P 43
L 0.895 0.7619400000 0.895 0.7286100000 1 P 43
L 0.895 0.7286100000 0.9033300000 0.72028 1 P 43
L 0.9033300000 0.72028 0.9199900000 0.72028 1 P 43
L 0.9199900000 0.72028 0.92832 0.7286100000 1 P 43
L 0.92832 1.06194 0.9199900000 1.07027 1 P 43
L 0.9199900000 1.07027 0.9033300000 1.07027 1 P 43
L 0.9033300000 1.07027 0.895 1.06194 1 P 43
L 0.895 1.06194 0.895 1.02861 1 P 43
L 0.895 1.02861 0.9033300000 1.02028 1 P 43
L 0.9033300000 1.02028 0.9199900000 1.02028 1 P 43
L 0.9199900000 1.02028 0.92832 1.02861 1 P 43
L 0.92832 1.3619400000 0.9199900000 1.37027 1 P 43
L 0.9199900000 1.37027 0.9033300000 1.37027 1 P 43
L 0.9033300000 1.37027 0.895 1.3619400000 1 P 43
L 0.895 1.3619400000 0.895 1.32861 1 P 43
L 0.895 1.32861 0.9033300000 1.3202800000 1 P 43
L 0.9033300000 1.3202800000 0.9199900000 1.3202800000 1 P 43
L 0.9199900000 1.3202800000 0.92832 1.32861 1 P 43
L 1.35332 0.3119400000 1.3449900000 0.3202700000 1 P 43
L 1.3449900000 0.3202700000 1.32833 0.3202700000 1 P 43
L 1.32833 0.3202700000 1.32 0.3119400000 1 P 43
L 1.32 0.3119400000 1.32 0.27861 1 P 43
L 1.32 0.27861 1.32833 0.27028 1 P 43
L 1.32833 0.27028 1.3449900000 0.27028 1 P 43
L 1.3449900000 0.27028 1.35332 0.27861 1 P 43
L 1.02926 0.4119400000 1.0209300000 0.4202700000 1 P 43
L 1.0209300000 0.4202700000 1.0042700000 0.4202700000 1 P 43
L 1.0042700000 0.4202700000 0.99594 0.4119400000 1 P 43
L 0.99594 0.4119400000 0.99594 0.37861 1 P 43
L 0.99594 0.37861 1.0042700000 0.3702800000 1 P 43
L 1.0042700000 0.3702800000 1.0209300000 0.3702800000 1 P 43
L 1.0209300000 0.3702800000 1.02926 0.37861 1 P 43
L 2.42926 0.3069400000 2.4209300000 0.3152700000 1 P 43
L 2.4209300000 0.3152700000 2.4042700000 0.3152700000 1 P 43
L 2.4042700000 0.3152700000 2.3959400000 0.3069400000 1 P 43
L 2.3959400000 0.3069400000 2.3959400000 0.2736200000 1 P 43
L 2.3959400000 0.2736200000 2.4042700000 0.26528 1 P 43
L 2.4042700000 0.26528 2.4209300000 0.26528 1 P 43
L 2.4209300000 0.26528 2.42926 0.2736200000 1 P 43
L 2.45326 0.46694 2.4449300000 0.47527 1 P 43
L 2.4449300000 0.47527 2.4282700000 0.47527 1 P 43
L 2.4282700000 0.47527 2.4199400000 0.46694 1 P 43
L 2.4199400000 0.46694 2.4199400000 0.4336100000 1 P 43
L 2.4199400000 0.4336100000 2.4282700000 0.4252800000 1 P 43
L 2.4282700000 0.4252800000 2.4449300000 0.4252800000 1 P 43
L 2.4449300000 0.4252800000 2.45326 0.4336100000 1 P 43
L 2.33326 0.3069400000 2.32493 0.3152700000 1 P 43
L 2.32493 0.3152700000 2.3082700000 0.3152700000 1 P 43
L 2.3082700000 0.3152700000 2.2999400000 0.3069400000 1 P 43
L 2.2999400000 0.3069400000 2.2999400000 0.2736200000 1 P 43
L 2.2999400000 0.2736200000 2.3082700000 0.26528 1 P 43
L 2.3082700000 0.26528 2.32493 0.26528 1 P 43
L 2.32493 0.26528 2.33326 0.2736200000 1 P 43
L 2.22126 0.3069400000 2.21293 0.3152700000 1 P 43
L 2.21293 0.3152700000 2.19627 0.3152700000 1 P 43
L 2.19627 0.3152700000 2.18794 0.3069400000 1 P 43
L 2.18794 0.3069400000 2.18794 0.2736200000 1 P 43
L 2.18794 0.2736200000 2.19627 0.26528 1 P 43
L 2.19627 0.26528 2.21293 0.26528 1 P 43
L 2.21293 0.26528 2.22126 0.2736200000 1 P 43
L 2.22126 0.40694 2.21293 0.4152700000 1 P 43
L 2.21293 0.4152700000 2.19627 0.4152700000 1 P 43
L 2.19627 0.4152700000 2.18794 0.40694 1 P 43
L 2.18794 0.40694 2.18794 0.3736100000 1 P 43
L 2.18794 0.3736100000 2.19627 0.3652800000 1 P 43
L 2.19627 0.3652800000 2.21293 0.3652800000 1 P 43
L 2.21293 0.3652800000 2.22126 0.3736100000 1 P 43
L 2.5492600000 0.46344 2.5409300000 0.47177 1 P 43
L 2.5409300000 0.47177 2.52427 0.47177 1 P 43
L 2.52427 0.47177 2.51594 0.46344 1 P 43
L 2.51594 0.46344 2.51594 0.43012 1 P 43
L 2.51594 0.43012 2.52427 0.4217800000 1 P 43
L 2.52427 0.4217800000 2.5409300000 0.4217800000 1 P 43
L 2.5409300000 0.4217800000 2.5492600000 0.43012 1 P 43
L 2.4852600000 0.6919400000 2.4769300000 0.7002700000 1 P 43
L 2.4769300000 0.7002700000 2.4602700000 0.7002700000 1 P 43
L 2.4602700000 0.7002700000 2.45194 0.6919400000 1 P 43
L 2.45194 0.6919400000 2.45194 0.65861 1 P 43
L 2.45194 0.65861 2.4602700000 0.6502800000 1 P 43
L 2.4602700000 0.6502800000 2.4769300000 0.6502800000 1 P 43
L 2.4769300000 0.6502800000 2.4852600000 0.65861 1 P 43
L 2.33326 0.20694 2.32493 0.2152700000 1 P 43
L 2.32493 0.2152700000 2.3082700000 0.2152700000 1 P 43
L 2.3082700000 0.2152700000 2.2999400000 0.20694 1 P 43
L 2.2999400000 0.20694 2.2999400000 0.1736100000 1 P 43
L 2.2999400000 0.1736100000 2.3082700000 0.16528 1 P 43
L 2.3082700000 0.16528 2.32493 0.16528 1 P 43
L 2.32493 0.16528 2.33326 0.1736100000 1 P 43
L 2.22126 0.20694 2.21293 0.2152700000 1 P 43
L 2.21293 0.2152700000 2.19627 0.2152700000 1 P 43
L 2.19627 0.2152700000 2.18794 0.20694 1 P 43
L 2.18794 0.20694 2.18794 0.1736100000 1 P 43
L 2.18794 0.1736100000 2.19627 0.16528 1 P 43
L 2.19627 0.16528 2.21293 0.16528 1 P 43
L 2.21293 0.16528 2.22126 0.1736100000 1 P 43
L 1.9033200000 1.61365 1.8949900000 1.6219800000 1 P 43
L 1.8949900000 1.6219800000 1.87833 1.6219800000 1 P 43
L 1.87833 1.6219800000 1.87 1.61365 1 P 43
L 1.87 1.61365 1.87 1.58033 1 P 43
L 1.87 1.58033 1.87833 1.572 1 P 43
L 1.87833 1.572 1.8949900000 1.572 1 P 43
L 1.8949900000 1.572 1.9033200000 1.58033 1 P 43
L 1.81326 1.61694 1.8049300000 1.6252700000 1 P 43
L 1.8049300000 1.6252700000 1.78827 1.6252700000 1 P 43
L 1.78827 1.6252700000 1.77994 1.61694 1 P 43
L 1.77994 1.61694 1.77994 1.5836100000 1 P 43
L 1.77994 1.5836100000 1.78827 1.57528 1 P 43
L 1.78827 1.57528 1.8049300000 1.57528 1 P 43
L 1.8049300000 1.57528 1.81326 1.5836100000 1 P 43
L 2.0333200000 1.5016500000 2.0249900000 1.50998 1 P 43
L 2.0249900000 1.50998 2.0083300000 1.50998 1 P 43
L 2.0083300000 1.50998 2 1.5016500000 1 P 43
L 2 1.5016500000 2 1.4683300000 1 P 43
L 2 1.4683300000 2.0083300000 1.4600000000 1 P 43
L 2.0083300000 1.4600000000 2.0249900000 1.4600000000 1 P 43
L 2.0249900000 1.4600000000 2.0333200000 1.4683300000 1 P 43
L 2.24332 1.5016500000 2.2349900000 1.50998 1 P 43
L 2.2349900000 1.50998 2.2183300000 1.50998 1 P 43
L 2.2183300000 1.50998 2.2100000000 1.5016500000 1 P 43
L 2.2100000000 1.5016500000 2.2100000000 1.4683300000 1 P 43
L 2.2100000000 1.4683300000 2.2183300000 1.4600000000 1 P 43
L 2.2183300000 1.4600000000 2.2349900000 1.4600000000 1 P 43
L 2.2349900000 1.4600000000 2.24332 1.4683300000 1 P 43
L 2.8642600000 0.4969400000 2.8559300000 0.5052700000 1 P 43
L 2.8559300000 0.5052700000 2.8392700000 0.5052700000 1 P 43
L 2.8392700000 0.5052700000 2.83094 0.4969400000 1 P 43
L 2.83094 0.4969400000 2.83094 0.4636200000 1 P 43
L 2.83094 0.4636200000 2.8392700000 0.45528 1 P 43
L 2.8392700000 0.45528 2.8559300000 0.45528 1 P 43
L 2.8559300000 0.45528 2.8642600000 0.4636200000 1 P 43
L 1.46926 0.5119400000 1.46093 0.52027 1 P 43
L 1.46093 0.52027 1.4442700000 0.52027 1 P 43
L 1.4442700000 0.52027 1.4359400000 0.5119400000 1 P 43
L 1.4359400000 0.5119400000 1.4359400000 0.4786100000 1 P 43
L 1.4359400000 0.4786100000 1.4442700000 0.4702800000 1 P 43
L 1.4442700000 0.4702800000 1.46093 0.4702800000 1 P 43
L 1.46093 0.4702800000 1.46926 0.4786100000 1 P 43
L 0.95926 1.68694 0.95093 1.69527 1 P 43
L 0.95093 1.69527 0.93427 1.69527 1 P 43
L 0.93427 1.69527 0.9259400000 1.68694 1 P 43
L 0.9259400000 1.68694 0.9259400000 1.65361 1 P 43
L 0.9259400000 1.65361 0.93427 1.64528 1 P 43
L 0.93427 1.64528 0.95093 1.64528 1 P 43
L 0.95093 1.64528 0.95926 1.65361 1 P 43
