
#
#Feature symbol names
#
$0 r5

#
#Layer features
#
L 0.5700000000 1.47028 0.5700000000 1.47028 0 P 16
A 0.5700000000 1.47028 0.4700000000 1.47028 0.52 1.47028 0 P 16 N
L 0.4700000000 0.2452800000 0.4700000000 0.2452800000 0 P 16
A 0.4700000000 0.2452800000 0.5700000000 0.2452800000 0.52 0.2452800000 0 P 16 N
L 0.5750000000 1.73028 0.6200000000 1.6852800000 0 P 16
L 0.6200000000 1.6852800000 0.8200000000 1.6852800000 0 P 16
L 0.8200000000 1.6852800000 0.8650000000 1.73028 0 P 16
L 0.8650000000 1.73028 3.3200000000 1.73028 0 P 16
L 1.8450000000 0.4202800000 1.9700000000 0.4202800000 0 P 16
L 1.8450000000 0.2952800000 1.9700000000 0.2952800000 0 P 16
L 1.9700000000 0.2952800000 1.9700000000 0.5452800000 0 P 16
L 1.8450000000 0.5452800000 1.9700000000 0.5452800000 0 P 16
L 1.7200000000 0.4202800000 1.7200000000 0.5452800000 0 P 16
L 1.5950000000 0.4202800000 1.5950000000 0.5452800000 0 P 16
L 1.4700000000 0.4202800000 1.4700000000 0.5452800000 0 P 16
L 1.4700000000 0.5452800000 1.8450000000 0.5452800000 0 P 16
L 1.8450000000 0.4202800000 1.8450000000 0.5452800000 0 P 16
L 1.4700000000 0.2952800000 1.4700000000 0.4202800000 0 P 16
L 1.5950000000 0.2952800000 1.5950000000 0.4202800000 0 P 16
L 1.7200000000 0.2952800000 1.7200000000 0.4202800000 0 P 16
L 1.8450000000 0.2952800000 1.8450000000 0.4202800000 0 P 16
L 1.4700000000 0.4202800000 1.8450000000 0.4202800000 0 P 16
L 1.4700000000 0.2952800000 1.8450000000 0.2952800000 0 P 16
L 0.5700000000 0.2452800000 0.5700000000 1.47028 0 P 16
L 0.4700000000 0.2452800000 0.4700000000 1.47028 0 P 16
L 0 0 3.3200000000 0.0002800000 0 P 16
L 3.3200000000 0.0002800000 3.3200000000 1.73028 0 P 16
L 0 0 0 1.7300000000 0 P 16
L 0 1.7300000000 0.5750000000 1.73028 0 P 16
L 0.4700000000 0.2452800000 0.4700000000 0.2452800000 0 P 16
A 0.4700000000 0.2452800000 0.5700000000 0.2452800000 0.52 0.2452800000 0 P 16 N
L 0.5700000000 1.47028 0.5700000000 1.47028 0 P 16
A 0.5700000000 1.47028 0.4700000000 1.47028 0.52 1.47028 0 P 16 N
L 0.6200000000 1.6852800000 0.8200000000 1.6852800000 0 P 16
L 0.8200000000 1.6852800000 0.8650000000 1.73028 0 P 16
L 0.8650000000 1.73028 3.3200000000 1.73028 0 P 16
L 0.5750000000 1.73028 0.6200000000 1.6852800000 0 P 16
L 0 0 3.3155 0 0 P 16
L 0 0 0 1.7300000000 0 P 16
L 0.5700000000 0.2452800000 0.5700000000 1.47028 0 P 16
L 0.4700000000 0.2452800000 0.4700000000 1.47028 0 P 16
L 3.3200000000 0.0002800000 3.3200000000 1.73028 0 P 16
L 3.3155 0 3.3200000000 0.0002800000 0 P 16
L 0 1.7300000000 0.5750000000 1.73028 0 P 16
