
#
#Feature symbol names
#
#Layer_Physical_Order=1
$0 r15
$1 r10
$2 r7
$3 r12
$4 r20
$5 r25
$6 r5
$7 r8
$8 r60
$9 r125.98
$10 r16
$11 r25

#
#Layer features
#
L 3.26201 1.5702800000 3.26201 1.5702800000 0 P 10
A 3.26201 1.5702800000 3.2950000000 1.6014400000 3.2460094635 1.6202639715 0 P 10 N
L 3.2950000000 1.6391300000 3.2950000000 1.6391300000 0 P 10
A 3.2950000000 1.6391300000 3.2146000000 1.66236 3.2459966966 1.6202763995 0 P 10 N
L 3.2950000000 1.53913 3.2950000000 1.53913 0 P 10
A 3.2950000000 1.53913 3.26201 1.5702800000 3.2460000991 1.5202800665 0 P 10 N
L 3.26201 1.47028 3.26201 1.47028 0 P 10
A 3.26201 1.47028 3.2950000000 1.50144 3.2460094635 1.5202639715 0 P 10 N
L 3.18338 1.69367 3.18338 1.69367 0 P 10
A 3.18338 1.69367 3.165 1.7012800000 3.1650174603 1.6753210867 0 P 10 N
L 3.18338 1.69367 3.18338 1.69367 0 P 10
A 3.18338 1.69367 3.165 1.7012800000 3.1650174603 1.6753210867 0 P 10 N
L 3.2950000000 1.43913 3.2950000000 1.43913 0 P 10
A 3.2950000000 1.43913 3.26201 1.47028 3.2460000991 1.4202800665 0 P 10 N
L 3.26201 1.3702800000 3.26201 1.3702800000 0 P 10
A 3.26201 1.3702800000 3.2950000000 1.40144 3.2460094635 1.4202639715 0 P 10 N
L 3.2950000000 1.3391300000 3.2950000000 1.3391300000 0 P 10
A 3.2950000000 1.3391300000 3.26201 1.3702800000 3.2460000991 1.3202800665 0 P 10 N
L 3.21381 1.27881 3.21381 1.27881 0 P 10
A 3.21381 1.27881 3.2950000000 1.3014400000 3.2459999710 1.3202798523 0 P 10 N
L 2.8983100000 1.3442800000 2.8983100000 1.3442800000 0 P 10
A 2.8983100000 1.3442800000 2.92899 1.27028 2.9450053997 1.3202797792 0 P 10 N
L 2.92899 1.27028 2.92899 1.27028 0 P 10
A 2.92899 1.27028 2.92899 1.1702800000 2.9450000000 1.22028 0 P 10 N
L 3.0975 1.1202800000 3.0975 1.1202800000 0 P 10
A 3.0975 1.1202800000 3.08693 1.15188 3.0449599025 1.1202734690 0 P 10 N
L 3.06101 1.0702800000 3.06101 1.0702800000 0 P 10
A 3.06101 1.0702800000 3.0975 1.1202800000 3.0450010687 1.120278519 0 P 10 N
L 2.92899 1.1702800000 2.92899 1.1702800000 0 P 10
A 2.92899 1.1702800000 2.92899 1.0702800000 2.9450000000 1.1202800000 0 P 10 N
L 2.875 1.7012800000 2.875 1.7012800000 0 P 10
A 2.875 1.7012800000 2.8566200000 1.69367 2.8750004148 1.6752779142 0 P 10 N
L 2.875 1.7012800000 2.875 1.7012800000 0 P 10
A 2.875 1.7012800000 2.8566200000 1.69367 2.8750004148 1.6752779142 0 P 10 N
L 2.39324 1.4373 2.39324 1.4373 0 P 10
A 2.39324 1.4373 2.39774 1.45324 2.3672707162 1.4532365481 0 P 10 N
L 2.8516100000 1.3519 2.8516100000 1.3519 0 P 10
A 2.8516100000 1.3519 2.87 1.3442800000 2.870009727 1.3703045578 0 P 10 N
L 2.8516100000 1.3519 2.8516100000 1.3519 0 P 10
A 2.8516100000 1.3519 2.87 1.3442800000 2.870009727 1.3703045578 0 P 10 N
L 2.39774 1.45324 2.39774 1.45324 0 P 10
A 2.39774 1.45324 2.38932 1.47428 2.3672448092 1.4532409265 0 P 10 N
L 2.2431500000 1.47428 2.2431500000 1.47428 0 P 10
A 2.2431500000 1.47428 2.2470000000 1.45205 2.2729931282 1.4680001234 0 P 10 N
L 2.39774 1.12253 2.39774 1.12253 0 P 10
A 2.39774 1.12253 2.39324 1.13847 2.3672762607 1.1225350172 0 P 10 N
L 2.3394600000 1.13511 2.3394600000 1.13511 0 P 10
A 2.3394600000 1.13511 2.39774 1.12253 2.3672425526 1.1225312852 0 P 10 N
L 2.2782500000 1.2254800000 2.2782500000 1.2254800000 0 P 10
A 2.2782500000 1.2254800000 2.3078900000 1.1792500000 2.304245297 1.2095299536 0 P 10 N
L 2.2470000000 1.27438 2.2470000000 1.27438 0 P 10
A 2.2470000000 1.27438 2.2782500000 1.22804 2.2727529244 1.2580399016 0 P 10 N
L 2.3078900000 1.1792500000 2.3078900000 1.1792500000 0 P 10
A 2.3078900000 1.1792500000 2.3394600000 1.13511 2.3350001322 1.1652800096 0 P 10 N
L 3.0975 1.02028 3.0975 1.02028 0 P 10
A 3.0975 1.02028 3.06101 1.0702800000 3.0449982635 1.0202794337 0 P 10 N
L 3.06101 0.97028 3.06101 0.97028 0 P 10
A 3.06101 0.97028 3.0975 1.02028 3.0450010687 1.020278519 0 P 10 N
L 2.92899 1.0702800000 2.92899 1.0702800000 0 P 10
A 2.92899 1.0702800000 2.92899 0.97028 2.9450000000 1.02028 0 P 10 N
L 3.0975 0.9202800000 3.0975 0.9202800000 0 P 10
A 3.0975 0.9202800000 3.06101 0.97028 3.0449982635 0.9202794337 0 P 10 N
L 3.06101 0.87028 3.06101 0.87028 0 P 10
A 3.06101 0.87028 3.0975 0.9202800000 3.0450010687 0.920278519 0 P 10 N
L 3.0975 0.82028 3.0975 0.82028 0 P 10
A 3.0975 0.82028 3.06101 0.87028 3.0449982635 0.8202794337 0 P 10 N
L 3.06101 0.7702800000 3.06101 0.7702800000 0 P 10
A 3.06101 0.7702800000 3.0975 0.82028 3.0450010687 0.820278519 0 P 10 N
L 2.92899 0.97028 2.92899 0.97028 0 P 10
A 2.92899 0.97028 2.92899 0.87028 2.9450000000 0.9202800000 0 P 10 N
L 2.92899 0.87028 2.92899 0.87028 0 P 10
A 2.92899 0.87028 2.92899 0.7702800000 2.9450000000 0.82028 0 P 10 N
L 2.92899 0.7702800000 2.92899 0.7702800000 0 P 10
A 2.92899 0.7702800000 2.92899 0.6702800000 2.9450000000 0.72028 0 P 10 N
L 2.92899 0.6702800000 2.92899 0.6702800000 0 P 10
A 2.92899 0.6702800000 2.92899 0.57028 2.9450000000 0.62028 0 P 10 N
L 2.92899 0.57028 2.92899 0.57028 0 P 10
A 2.92899 0.57028 2.8927400000 0.5152800000 2.9449970695 0.5202838633 0 P 10 N
L 2.915 0.46528 2.915 0.46528 0 P 10
A 2.915 0.46528 2.91833 0.4655100000 2.9150504144 0.4887713918 0 P 10 N
L 2.91833 0.4655100000 2.91833 0.4655100000 0 P 10
A 2.91833 0.4655100000 2.92899 0.3702800000 2.9450101602 0.4202849266 0 P 10 N
L 2.92899 0.3702800000 2.92899 0.3702800000 0 P 10
A 2.92899 0.3702800000 2.89256 0.32273 2.9449941496 0.3202883098 0 P 10 N
L 2.915 0.46528 2.915 0.46528 0 P 10
A 2.915 0.46528 2.91833 0.4655100000 2.9150504144 0.4887713918 0 P 10 N
L 2.8475 0.6452800000 2.8475 0.6452800000 0 P 10
A 2.8475 0.6452800000 2.7425 0.6452800000 2.7950000000 0.6452800000 0 P 10 N
L 2.7425 0.6452800000 2.7425 0.6452800000 0 P 10
A 2.7425 0.6452800000 2.8475 0.6452800000 2.7950000000 0.6452800000 0 P 10 N
L 2.6290400000 0.60028 2.6290400000 0.60028 0 P 10
A 2.6290400000 0.60028 2.6725000000 0.652 2.6200046380 0.6519919457 0 P 10 N
L 2.6725000000 0.652 2.6725000000 0.652 0 P 10
A 2.6725000000 0.652 2.6109600000 0.60028 2.619998754 0.6519973255 0 P 10 N
L 1.9051 1.57928 1.9051 1.57928 0 P 10
A 1.9051 1.57928 1.9079000000 1.57128 1.9353303926 1.5853706374 0 P 10 N
L 1.72594 1.67128 1.72594 1.67128 0 P 10
A 1.72594 1.67128 1.6829 1.63128 1.7099892563 1.6452874802 0 P 10 N
L 2.17274 1.45324 2.17274 1.45324 0 P 10
A 2.17274 1.45324 2.16432 1.47428 2.1422448092 1.4532409265 0 P 10 N
L 2.1682400000 1.4373 2.1682400000 1.4373 0 P 10
A 2.1682400000 1.4373 2.17274 1.45324 2.1422707162 1.4532365481 0 P 10 N
L 2.02176 1.4018000000 2.02176 1.4018000000 0 P 10
A 2.02176 1.4018000000 2.0510200000 1.3598000000 2.0500142942 1.3902915916 0 P 10 N
L 2.1755000000 1.2852800000 2.1755000000 1.2852800000 0 P 10
A 2.1755000000 1.2852800000 2.1682400000 1.3050300000 2.1450120004 1.2852821353 0 P 10 N
L 2.08102 1.3198 2.08102 1.3198 0 P 10
A 2.08102 1.3198 2.11493 1.28018 2.1099970106 1.3102794089 0 P 10 N
L 2.0510200000 1.3598000000 2.0510200000 1.3598000000 0 P 10
A 2.0510200000 1.3598000000 2.08102 1.3198 2.0799914615 1.350278596 0 P 10 N
L 2.0174600000 1.47428 2.0174600000 1.47428 0 P 10
A 2.0174600000 1.47428 2.02176 1.4548100000 2.0476925007 1.4707470931 0 P 10 N
L 1.5009400000 1.63128 1.5009400000 1.63128 0 P 10
A 1.5009400000 1.63128 1.5009400000 1.57928 1.48499 1.60528 0 P 10 N
L 1.5350000000 1.57128 1.5350000000 1.57128 0 P 10
A 1.5350000000 1.57128 1.51662 1.5636700000 1.5350004148 1.5452779142 0 P 10 N
L 1.5350000000 1.57128 1.5350000000 1.57128 0 P 10
A 1.5350000000 1.57128 1.51662 1.5636700000 1.5350004148 1.5452779142 0 P 10 N
L 1.6385 1.4694200000 1.6385 1.4694200000 0 P 10
A 1.6385 1.4694200000 1.6399000000 1.47428 1.6104002179 1.4801462335 0 P 10 N
L 1.4778900000 1.5249400000 1.4778900000 1.5249400000 0 P 10
A 1.4778900000 1.5249400000 1.46032 1.47737 1.484994485 1.4952862119 0 P 10 N
L 1.37094 1.47228 1.37094 1.47228 0 P 10
A 1.37094 1.47228 1.3303900000 1.4643000000 1.3549930754 1.4462970854 0 P 10 N
L 1.3140200000 1.4055900000 1.3140200000 1.4055900000 0 P 10
A 1.3140200000 1.4055900000 1.3267200000 1.3996400000 1.3309590226 1.4252167794 0 P 10 N
L 1.3140200000 1.4055900000 1.3140200000 1.4055900000 0 P 10
A 1.3140200000 1.4055900000 1.3267200000 1.3996400000 1.3309590226 1.4252167794 0 P 10 N
L 1.3303900000 1.4643000000 1.3303900000 1.4643000000 0 P 10
A 1.3303900000 1.4643000000 1.3140200000 1.4055900000 1.3209993755 1.435281162 0 P 10 N
L 1.3362200000 1.3169300000 1.3362200000 1.3169300000 0 P 10
A 1.3362200000 1.3169300000 1.3261500000 1.29997 1.3560156784 1.2937067847 0 P 10 N
L 1.32519 1.3345300000 1.32519 1.3345300000 0 P 10
A 1.32519 1.3345300000 1.3362200000 1.3169300000 1.3550191424 1.3409677836 0 P 10 N
L 1.3267200000 1.3996400000 1.3267200000 1.3996400000 0 P 10
A 1.3267200000 1.3996400000 1.32519 1.39464 1.3541394732 1.3885155512 0 P 10 N
L 1.32519 1.39464 1.32519 1.39464 0 P 10
A 1.32519 1.39464 1.32519 1.3345300000 1.3199957876 1.3645850000 0 P 10 N
L 2.11493 1.28018 2.11493 1.28018 0 P 10
A 2.11493 1.28018 2.1755000000 1.2852800000 2.1450002614 1.2852803372 0 P 10 N
L 1.54034 1.0931700000 1.54034 1.0931700000 0 P 10
A 1.54034 1.0931700000 1.5482600000 1.0789000000 1.5698871550 1.1002361400 0 P 10 N
L 1.6405 1.0702800000 1.6405 1.0702800000 0 P 10
A 1.6405 1.0702800000 1.6385 1.08115 1.6099220982 1.0702728838 0 P 10 N
L 1.58861 1.04854 1.58861 1.04854 0 P 10
A 1.58861 1.04854 1.6405 1.0702800000 1.6100002740 1.0702814228 0 P 10 N
L 1.5250000000 0.99528 1.5250000000 0.99528 0 P 10
A 1.5250000000 0.99528 1.54268 1.00261 1.5250049246 1.0202552501 0 P 10 N
L 1.5250000000 0.99528 1.5250000000 0.99528 0 P 10
A 1.5250000000 0.99528 1.54268 1.00261 1.5250049246 1.0202552501 0 P 10 N
L 1.3261500000 1.29997 1.3261500000 1.29997 0 P 10
A 1.3261500000 1.29997 1.30071 1.2464700000 1.3200026935 1.2700945921 0 P 10 N
L 1.30071 1.2464700000 1.30071 1.2464700000 0 P 10
A 1.30071 1.2464700000 1.3359500000 1.1968500000 1.3200046996 1.2228493674 0 P 10 N
L 1.4824700000 1.0452800000 1.4824700000 1.0452800000 0 P 10
A 1.4824700000 1.0452800000 1.4824700000 0.99528 1.465 1.02028 0 P 10 N
L 2.58414 0.5192800000 2.58414 0.5192800000 0 P 10
A 2.58414 0.5192800000 2.62508 0.54271 2.5949993791 0.54778795 0 P 10 N
L 2.66001 0.50777 2.66001 0.50777 0 P 10
A 2.66001 0.50777 2.7024700000 0.46528 2.6849974283 0.4902797754 0 P 10 N
L 2.4975 0.57628 2.4975 0.57628 0 P 10
A 2.4975 0.57628 2.4773500000 0.56794 2.4975045458 0.5477571407 0 P 10 N
L 2.4975 0.57628 2.4975 0.57628 0 P 10
A 2.4975 0.57628 2.47731 0.56789 2.4974953890 0.5478031224 0 P 10 N
L 3.196 0.3042800000 3.196 0.3042800000 0 P 10
A 3.196 0.3042800000 3.2950000000 0.3014400000 3.2460000126 0.3202900168 0 P 10 N
L 3.0955000000 0.3059300000 3.0955000000 0.3059300000 0 P 10
A 3.0955000000 0.3059300000 3.196 0.3042800000 3.145999123 0.3202788588 0 P 10 N
L 3.0700000000 0.2741200000 3.0700000000 0.2741200000 0 P 10
A 3.0700000000 0.2741200000 3.0955000000 0.3059300000 3.0450083043 0.3202800531 0 P 10 N
L 2.1300000000 0.4702800000 2.1300000000 0.4702800000 0 P 10
A 2.1300000000 0.4702800000 2.06 0.4702800000 2.095 0.4702800000 0 P 10 N
L 1.995 0.5452800000 1.995 0.5452800000 0 P 10
A 1.995 0.5452800000 1.9700000000 0.57028 1.9700000000 0.5452800000 0 P 10 N
L 1.995 0.5452800000 1.995 0.5452800000 0 P 10
A 1.995 0.5452800000 1.9700000000 0.57028 1.9700000000 0.5452800000 0 P 10 N
L 1.995 0.5452800000 1.995 0.5452800000 0 P 10
A 1.995 0.5452800000 1.9700000000 0.57028 1.9700000000 0.5452800000 0 P 10 N
L 1.995 0.5452800000 1.995 0.5452800000 0 P 10
A 1.995 0.5452800000 1.9700000000 0.57028 1.9700000000 0.5452800000 0 P 10 N
L 1.995 0.5452800000 1.995 0.5452800000 0 P 10
A 1.995 0.5452800000 1.9700000000 0.57028 1.9700000000 0.5452800000 0 P 10 N
L 2.1300000000 0.4702800000 2.1300000000 0.4702800000 0 P 10
A 2.1300000000 0.4702800000 2.06 0.4702800000 2.095 0.4702800000 0 P 10 N
L 2.3048900000 0.3954800000 2.3048900000 0.3954800000 0 P 10
A 2.3048900000 0.3954800000 2.2980600000 0.3845800000 2.3250052172 0.3752858364 0 P 10 N
L 2.2980600000 0.3845800000 2.2980600000 0.3845800000 0 P 10
A 2.2980600000 0.3845800000 2.3550400000 0.36502 2.3249981281 0.3702792607 0 P 10 N
L 2.30485 0.39544 2.30485 0.39544 0 P 10
A 2.30485 0.39544 2.2980600000 0.3845800000 2.3250061336 0.3752851200 0 P 10 N
L 1.9700000000 0.27028 1.9700000000 0.27028 0 P 10
A 1.9700000000 0.27028 1.995 0.2952800000 1.9700000000 0.2952800000 0 P 10 N
L 1.9700000000 0.27028 1.9700000000 0.27028 0 P 10
A 1.9700000000 0.27028 1.995 0.2952800000 1.9700000000 0.2952800000 0 P 10 N
L 1.9700000000 0.27028 1.9700000000 0.27028 0 P 10
A 1.9700000000 0.27028 1.995 0.2952800000 1.9700000000 0.2952800000 0 P 10 N
L 1.9700000000 0.27028 1.9700000000 0.27028 0 P 10
A 1.9700000000 0.27028 1.995 0.2952800000 1.9700000000 0.2952800000 0 P 10 N
L 3.2950000000 0.2093600000 3.2950000000 0.2093600000 0 P 10
A 3.2950000000 0.2093600000 3.19878 0.23827 3.2269909584 0.1575858135 0 P 10 N
L 3.0975 0.22028 3.0975 0.22028 0 P 10
A 3.0975 0.22028 3.0700000000 0.26645 3.0449858382 0.2202761013 0 P 10 N
L 3.19878 0.23827 3.19878 0.23827 0 P 10
A 3.19878 0.23827 3.2512100000 0.0755800000 3.2230037671 0.1562832867 0 P 10 N
L 2.995 0.2042800000 2.995 0.2042800000 0 P 10
A 2.995 0.2042800000 3.0975 0.22028 3.0449997275 0.2202895585 0 P 10 N
L 2.81394 0.2209700000 2.81394 0.2209700000 0 P 10
A 2.81394 0.2209700000 2.8299700000 0.2303100000 2.7959427234 0.2702841964 0 P 10 N
L 2.79 0.32245 2.79 0.32245 0 P 10
A 2.79 0.32245 2.777 0.2213200000 2.7959446622 0.2702852709 0 P 10 N
L 2.8925 0.22028 2.8925 0.22028 0 P 10
A 2.8925 0.22028 2.995 0.2042800000 2.9449985924 0.2202787952 0 P 10 N
L 2.8475 0.1720000000 2.8475 0.1720000000 0 P 10
A 2.8475 0.1720000000 2.81394 0.2209700000 2.7949854658 0.1719954969 0 P 10 N
L 2.777 0.2213200000 2.777 0.2213200000 0 P 10
A 2.777 0.2213200000 2.8475 0.1720000000 2.79499862 0.1720001808 0 P 10 N
L 3.2512100000 0.0755800000 3.2512100000 0.0755800000 0 P 10
A 3.2512100000 0.0755800000 3.2950000000 0.10577 3.2269669450 0.1575973395 0 P 10 N
L 2.1475000000 0.1452800000 2.1475000000 0.1452800000 0 P 10
A 2.1475000000 0.1452800000 2.1300000000 0.1844100000 2.0950050880 0.1452810859 0 P 10 N
L 2.06 0.1844100000 2.06 0.1844100000 0 P 10
A 2.06 0.1844100000 2.1475000000 0.1452800000 2.0950005719 0.1452800891 0 P 10 N
L 1.4700000000 0.57028 1.4700000000 0.57028 0 P 10
A 1.4700000000 0.57028 1.445 0.5452800000 1.4700000000 0.5452800000 0 P 10 N
L 1.4700000000 0.57028 1.4700000000 0.57028 0 P 10
A 1.4700000000 0.57028 1.445 0.5452800000 1.4700000000 0.5452800000 0 P 10 N
L 1.4700000000 0.57028 1.4700000000 0.57028 0 P 10
A 1.4700000000 0.57028 1.445 0.5452800000 1.4700000000 0.5452800000 0 P 10 N
L 1.4700000000 0.57028 1.4700000000 0.57028 0 P 10
A 1.4700000000 0.57028 1.445 0.5452800000 1.4700000000 0.5452800000 0 P 10 N
L 0.8200000000 1.6602800000 0.8200000000 1.6602800000 0 P 10
A 0.8200000000 1.6602800000 0.8376800000 1.66761 0.8200049246 1.6852552501 0 P 10 N
L 0.8200000000 1.6602800000 0.8200000000 1.6602800000 0 P 10
A 0.8200000000 1.6602800000 0.8376800000 1.66761 0.8200049246 1.6852552501 0 P 10 N
L 0.6023200000 1.66761 0.6023200000 1.66761 0 P 10
A 0.6023200000 1.66761 0.6200000000 1.6602800000 0.6200249874 1.6853273979 0 P 10 N
L 0.6023200000 1.66761 0.6023200000 1.66761 0 P 10
A 0.6023200000 1.66761 0.6200000000 1.6602800000 0.6200249874 1.6853273979 0 P 10 N
L 0.5950000000 1.47028 0.5950000000 1.47028 0 P 10
A 0.5950000000 1.47028 0.545 1.5410000000 0.519976047 1.4702723862 0 P 10 N
L 1.445 0.2952800000 1.445 0.2952800000 0 P 10
A 1.445 0.2952800000 1.4700000000 0.27028 1.4700000000 0.2952800000 0 P 10 N
L 1.445 0.2952800000 1.445 0.2952800000 0 P 10
A 1.445 0.2952800000 1.4700000000 0.27028 1.4700000000 0.2952800000 0 P 10 N
L 1.445 0.2952800000 1.445 0.2952800000 0 P 10
A 1.445 0.2952800000 1.4700000000 0.27028 1.4700000000 0.2952800000 0 P 10 N
L 1.445 0.2952800000 1.445 0.2952800000 0 P 10
A 1.445 0.2952800000 1.4700000000 0.27028 1.4700000000 0.2952800000 0 P 10 N
L 0.545 0.17457 0.545 0.17457 0 P 10
A 0.545 0.17457 0.5950000000 0.2452800000 0.5199988973 0.2452814579 0 P 10 N
L 3.28094 1.65947 3.28094 1.7052800000 0 P 10
L 3.2950000000 1.6391300000 3.2950000000 1.7052800000 0 P 10
L 3.26594 1.6688500000 3.26594 1.7052800000 0 P 10
L 3.2735100000 1.665 3.2950000000 1.665 0 P 10
L 3.28928 1.6500000000 3.2950000000 1.6500000000 0 P 10
L 3.1970500000 1.6800000000 3.2950000000 1.6800000000 0 P 10
L 3.2509400000 1.6725500000 3.2509400000 1.7052800000 0 P 10
L 3.2359400000 1.67181 3.2359400000 1.7052800000 0 P 10
L 3.22094 1.6664100000 3.22094 1.7052800000 0 P 10
L 3.20594 1.6711200000 3.20594 1.7052800000 0 P 10
L 3.21205 1.665 3.21849 1.665 0 P 10
L 3.1909400000 1.68612 3.1909400000 1.7052800000 0 P 10
L 3.2950000000 1.53913 3.2950000000 1.6014400000 0 P 10
L 3.2888900000 1.59 3.2950000000 1.59 0 P 10
L 3.28033 1.56 3.2950000000 1.56 0 P 10
L 3.2725600000 1.5750000000 3.2950000000 1.5750000000 0 P 10
L 3.28094 1.5594700000 3.28094 1.5811000000 0 P 10
L 3.28487 1.485 3.2950000000 1.485 0 P 10
L 3.2950000000 1.43913 3.2950000000 1.50144 0 P 10
L 3.28094 1.45947 3.28094 1.4811 0 P 10
L 3.17594 1.69887 3.17594 1.7052800000 0 P 10
L 3.16094 1.7012800000 3.16094 1.7052800000 0 P 10
L 3.1459400000 1.7012800000 3.1459400000 1.7052800000 0 P 10
L 3.1309400000 1.7012800000 3.1309400000 1.7052800000 0 P 10
L 3.11594 1.7012800000 3.11594 1.7052800000 0 P 10
L 3.10094 1.7012800000 3.10094 1.7052800000 0 P 10
L 3.0859400000 1.7012800000 3.0859400000 1.7052800000 0 P 10
L 3.0709400000 1.7012800000 3.0709400000 1.7052800000 0 P 10
L 3.05594 1.7012800000 3.05594 1.7052800000 0 P 10
L 3.0409400000 1.7012800000 3.0409400000 1.7052800000 0 P 10
L 3.0259400000 1.7012800000 3.0259400000 1.7052800000 0 P 10
L 3.01094 1.7012800000 3.01094 1.7052800000 0 P 10
L 2.99594 1.7012800000 2.99594 1.7052800000 0 P 10
L 3.18195 1.695 3.2950000000 1.695 0 P 10
L 3.18338 1.69367 3.2133900000 1.6636700000 0 P 10
L 2.875 1.7012800000 3.165 1.7012800000 0 P 10
L 2.9809400000 1.7012800000 2.9809400000 1.7052800000 0 P 10
L 2.9659400000 1.7012800000 2.9659400000 1.7052800000 0 P 10
L 2.95094 1.7012800000 2.95094 1.7052800000 0 P 10
L 2.9359400000 1.7012800000 2.9359400000 1.7052800000 0 P 10
L 2.9209400000 1.7012800000 2.9209400000 1.7052800000 0 P 10
L 2.90594 1.7012800000 2.90594 1.7052800000 0 P 10
L 3.2628700000 1.4700000000 3.2950000000 1.4700000000 0 P 10
L 3.2853800000 1.455 3.2950000000 1.455 0 P 10
L 3.2796700000 1.3800000000 3.2950000000 1.3800000000 0 P 10
L 3.2735100000 1.3650000000 3.2950000000 1.3650000000 0 P 10
L 3.28094 1.3594700000 3.28094 1.3811000000 0 P 10
L 3.2950000000 1.3391300000 3.2950000000 1.40144 0 P 10
L 3.28928 1.35 3.2950000000 1.35 0 P 10
L 3.2888900000 1.29 3.2950000000 1.29 0 P 10
L 3.2725600000 1.2750000000 3.2950000000 1.2750000000 0 P 10
L 3.1950700000 1.26 3.2950000000 1.26 0 P 10
L 3.18007 1.245 3.2950000000 1.245 0 P 10
L 3.16507 1.2300000000 3.2950000000 1.2300000000 0 P 10
L 3.1500700000 1.215 3.2950000000 1.215 0 P 10
L 3.1350700000 1.2000000000 3.2950000000 1.2000000000 0 P 10
L 3.2100700000 1.2750000000 3.21944 1.2750000000 0 P 10
L 3.12007 1.185 3.2950000000 1.185 0 P 10
L 3.1050700000 1.1700000000 3.2950000000 1.1700000000 0 P 10
L 3.09729 1.125 3.2950000000 1.125 0 P 10
L 3.09648 1.11 3.2950000000 1.11 0 P 10
L 3.0936600000 1.1400000000 3.2950000000 1.1400000000 0 P 10
L 2.9209400000 1.26695 2.9209400000 1.2736200000 0 P 10
L 3.08768 1.1526100000 3.21268 1.2776100000 0 P 10
L 3.0900700000 1.155 3.2950000000 1.155 0 P 10
L 2.39324 1.1700000000 2.9281300000 1.1700000000 0 P 10
L 2.39324 1.2750000000 2.9184400000 1.2750000000 0 P 10
L 2.90594 1.25536 2.90594 1.2852100000 0 P 10
L 2.39324 1.26 2.91067 1.26 0 P 10
L 2.9209400000 1.16694 2.9209400000 1.17362 0 P 10
L 2.90594 1.1553600000 2.90594 1.18521 0 P 10
L 2.39324 1.185 2.90613 1.185 0 P 10
L 3.0910100000 1.0950000000 3.2950000000 1.0950000000 0 P 10
L 3.0786700000 1.08 3.2950000000 1.08 0 P 10
L 3.08828 1.05 3.2950000000 1.05 0 P 10
L 3.0954 1.0350000000 3.2950000000 1.0350000000 0 P 10
L 3.0725100000 1.0650000000 3.2950000000 1.0650000000 0 P 10
L 2.39324 1.155 2.9056200000 1.155 0 P 10
L 3.0709400000 1.06593 3.0709400000 1.07464 0 P 10
L 3.0859400000 1.05315 3.0859400000 1.0874100000 0 P 10
L 2.9209400000 1.0669400000 2.9209400000 1.07362 0 P 10
L 2.89094 1.7012800000 2.89094 1.7052800000 0 P 10
L 2.8759400000 1.7012800000 2.8759400000 1.7052800000 0 P 10
L 2.8609400000 1.6971500000 2.8609400000 1.7052800000 0 P 10
L 2.84594 1.6829900000 2.84594 1.7052800000 0 P 10
L 2.83094 1.67128 2.83094 1.7052800000 0 P 10
L 2.8159400000 1.67128 2.8159400000 1.7052800000 0 P 10
L 2.80094 1.67128 2.80094 1.7052800000 0 P 10
L 2.78594 1.67128 2.78594 1.7052800000 0 P 10
L 2.7709400000 1.67128 2.7709400000 1.7052800000 0 P 10
L 2.7559400000 1.67128 2.7559400000 1.7052800000 0 P 10
L 2.74094 1.67128 2.74094 1.7052800000 0 P 10
L 2.72594 1.67128 2.72594 1.7052800000 0 P 10
L 2.7109400000 1.67128 2.7109400000 1.7052800000 0 P 10
L 2.6959400000 1.67128 2.6959400000 1.7052800000 0 P 10
L 2.68094 1.67128 2.68094 1.7052800000 0 P 10
L 2.6659400000 1.67128 2.6659400000 1.7052800000 0 P 10
L 2.6509400000 1.67128 2.6509400000 1.7052800000 0 P 10
L 2.63594 1.67128 2.63594 1.7052800000 0 P 10
L 2.62094 1.67128 2.62094 1.7052800000 0 P 10
L 2.6059400000 1.67128 2.6059400000 1.7052800000 0 P 10
L 2.5909400000 1.67128 2.5909400000 1.7052800000 0 P 10
L 2.57594 1.67128 2.57594 1.7052800000 0 P 10
L 2.5609400000 1.67128 2.5609400000 1.7052800000 0 P 10
L 2.5459400000 1.67128 2.5459400000 1.7052800000 0 P 10
L 2.53094 1.67128 2.53094 1.7052800000 0 P 10
L 2.51594 1.67128 2.51594 1.7052800000 0 P 10
L 2.5009400000 1.67128 2.5009400000 1.7052800000 0 P 10
L 2.4859400000 1.67128 2.4859400000 1.7052800000 0 P 10
L 2.47094 1.67128 2.47094 1.7052800000 0 P 10
L 2.45594 1.67128 2.45594 1.7052800000 0 P 10
L 2.4409400000 1.67128 2.4409400000 1.7052800000 0 P 10
L 2.42594 1.67128 2.42594 1.7052800000 0 P 10
L 2.41094 1.67128 2.41094 1.7052800000 0 P 10
L 2.3959400000 1.67128 2.3959400000 1.7052800000 0 P 10
L 2.3809400000 1.67128 2.3809400000 1.7052800000 0 P 10
L 2.36594 1.67128 2.36594 1.7052800000 0 P 10
L 2.35094 1.67128 2.35094 1.7052800000 0 P 10
L 2.3359400000 1.67128 2.3359400000 1.7052800000 0 P 10
L 2.3209400000 1.67128 2.3209400000 1.7052800000 0 P 10
L 2.30594 1.67128 2.30594 1.7052800000 0 P 10
L 2.2909400000 1.67128 2.2909400000 1.7052800000 0 P 10
L 2.2759400000 1.67128 2.2759400000 1.7052800000 0 P 10
L 2.26094 1.67128 2.26094 1.7052800000 0 P 10
L 2.24594 1.67128 2.24594 1.7052800000 0 P 10
L 2.2309400000 1.67128 2.2309400000 1.7052800000 0 P 10
L 2.2159400000 1.67128 2.2159400000 1.7052800000 0 P 10
L 2.20094 1.67128 2.20094 1.7052800000 0 P 10
L 2.1859400000 1.67128 2.1859400000 1.7052800000 0 P 10
L 2.8342300000 1.67128 2.8566200000 1.69367 0 P 10
L 2.39324 1.4100000000 2.7935100000 1.4100000000 0 P 10
L 2.39324 1.395 2.80852 1.395 0 P 10
L 2.39324 1.3800000000 2.82351 1.3800000000 0 P 10
L 2.3959400000 1.4635900000 2.3959400000 1.47428 0 P 10
L 2.3976900000 1.455 2.74851 1.455 0 P 10
L 2.3927300000 1.4700000000 2.7335200000 1.4700000000 0 P 10
L 2.3947200000 1.4400000000 2.76351 1.4400000000 0 P 10
L 2.39324 1.425 2.7785200000 1.425 0 P 10
L 2.87 1.3442800000 2.8983100000 1.3442800000 0 P 10
L 2.39324 1.3350000000 2.8946 1.3350000000 0 P 10
L 2.3976400000 1.125 2.89271 1.125 0 P 10
L 2.90594 1.05536 2.90594 1.08521 0 P 10
L 2.3950500000 1.11 2.89352 1.11 0 P 10
L 2.7292300000 1.47428 2.8516100000 1.3519 0 P 10
L 2.3959400000 1.13287 2.3959400000 1.4429 0 P 10
L 2.39324 1.13847 2.39324 1.4373 0 P 10
L 2.39324 1.3650000000 2.8385200000 1.3650000000 0 P 10
L 2.39324 1.35 2.85373 1.35 0 P 10
L 2.39324 1.32 2.8925 1.32 0 P 10
L 2.39324 1.3050000000 2.8947700000 1.3050000000 0 P 10
L 2.38932 1.47428 2.7292300000 1.47428 0 P 10
L 2.39324 1.29 2.90212 1.29 0 P 10
L 2.39324 1.245 2.89868 1.245 0 P 10
L 2.39324 1.2300000000 2.8934100000 1.2300000000 0 P 10
L 2.2470000000 1.27438 2.2470000000 1.45205 0 P 10
L 2.1751300000 1.29 2.2470000000 1.29 0 P 10
L 2.24594 1.2725700000 2.24594 1.4539300000 0 P 10
L 2.1737100000 1.2750000000 2.2470000000 1.2750000000 0 P 10
L 2.39324 1.215 2.89277 1.215 0 P 10
L 2.39324 1.2000000000 2.89658 1.2000000000 0 P 10
L 2.39324 1.1400000000 2.8963400000 1.1400000000 0 P 10
L 2.38038 1.0950000000 2.8989900000 1.0950000000 0 P 10
L 2.2759400000 1.2208700000 2.2759400000 1.22771 0 P 10
L 2.30594 1.1745400000 2.30594 1.1790800000 0 P 10
L 3.0975 1.02 3.2950000000 1.02 0 P 10
L 3.0952300000 1.0050000000 3.2950000000 1.0050000000 0 P 10
L 3.09132 0.9450000000 3.2950000000 0.9450000000 0 P 10
L 3.0965900000 0.93 3.2950000000 0.93 0 P 10
L 3.09723 0.915 3.2950000000 0.915 0 P 10
L 3.09342 0.9 3.2950000000 0.9 0 P 10
L 3.2950000000 0.7702800000 3.2950000000 1.3014400000 0 P 10
L 3.28094 0.7702800000 3.28094 1.2811000000 0 P 10
L 3.0936600000 0.8400000000 3.2950000000 0.8400000000 0 P 10
L 3.09729 0.8250000000 3.2950000000 0.8250000000 0 P 10
L 3.09648 0.81 3.2950000000 0.81 0 P 10
L 3.0910100000 0.795 3.2950000000 0.795 0 P 10
L 3.26594 0.7702800000 3.26594 1.2717200000 0 P 10
L 3.2359400000 0.7702800000 3.2359400000 1.26876 0 P 10
L 3.22094 0.7702800000 3.22094 1.2741500000 0 P 10
L 3.2509400000 0.7702800000 3.2509400000 1.2680200000 0 P 10
L 3.20594 0.7702800000 3.20594 1.2708700000 0 P 10
L 3.1909400000 0.7702800000 3.1909400000 1.25587 0 P 10
L 3.17594 0.7702800000 3.17594 1.2408700000 0 P 10
L 3.16094 0.7702800000 3.16094 1.22587 0 P 10
L 3.1459400000 0.7702800000 3.1459400000 1.2108700000 0 P 10
L 3.1309400000 0.7702800000 3.1309400000 1.1958700000 0 P 10
L 3.11594 0.7702800000 3.11594 1.18087 0 P 10
L 3.10094 0.7702800000 3.10094 1.1658700000 0 P 10
L 3.08788 0.9900000000 3.2950000000 0.9900000000 0 P 10
L 3.07933 0.9600000000 3.2950000000 0.9600000000 0 P 10
L 3.08387 0.885 3.2950000000 0.885 0 P 10
L 3.0715600000 0.9750000000 3.2950000000 0.9750000000 0 P 10
L 2.90594 0.9553600000 2.90594 0.98521 0 P 10
L 3.0859400000 0.95315 3.0859400000 0.9874200000 0 P 10
L 3.0709400000 0.9659300000 3.0709400000 0.9746400000 0 P 10
L 2.9209400000 0.96694 2.9209400000 0.97362 0 P 10
L 3.0859400000 0.8531500000 3.0859400000 0.88741 0 P 10
L 3.0618700000 0.8700000000 3.2950000000 0.8700000000 0 P 10
L 3.0843800000 0.8550000000 3.2950000000 0.8550000000 0 P 10
L 3.0709400000 0.8659300000 3.0709400000 0.8746400000 0 P 10
L 2.90594 0.85536 2.90594 0.88521 0 P 10
L 2.9209400000 0.8669500000 2.9209400000 0.8736200000 0 P 10
L 3.0859400000 0.7702800000 3.0859400000 0.78742 0 P 10
L 3.0786700000 0.78 3.2950000000 0.78 0 P 10
L 3.0709400000 0.7702800000 3.0709400000 0.7746400000 0 P 10
L 2.9209400000 0.76695 2.9209400000 0.7736200000 0 P 10
L 3.06101 0.7702800000 3.2950000000 0.7702800000 0 P 10
L 2.90594 0.75536 2.90594 0.7852100000 0 P 10
L 2.9209400000 0.6669400000 2.9209400000 0.6736200000 0 P 10
L 2.90594 0.65536 2.90594 0.6852100000 0 P 10
L 2.9209400000 0.5669500000 2.9209400000 0.57362 0 P 10
L 2.90594 0.5553600000 2.90594 0.58521 0 P 10
L 2.8475 0.645 2.89868 0.645 0 P 10
L 2.9209400000 0.3669400000 2.9209400000 0.37362 0 P 10
L 2.90594 0.4553600000 2.90594 0.46528 0 P 10
L 2.90594 0.35536 2.90594 0.3852100000 0 P 10
L 2.87028 0.3450000000 2.89868 0.3450000000 0 P 10
L 2.8852800000 0.33 2.8934100000 0.33 0 P 10
L 2.85528 0.3600000000 2.91067 0.3600000000 0 P 10
L 2.8225100000 0.6900000000 2.90212 0.6900000000 0 P 10
L 2.83828 0.675 2.9184400000 0.675 0 P 10
L 2.44028 0.75 2.90172 0.75 0 P 10
L 2.8454 0.66 2.91067 0.66 0 P 10
L 2.68528 0.5700000000 2.9281300000 0.5700000000 0 P 10
L 2.6702800000 0.5850000000 2.90613 0.5850000000 0 P 10
L 2.4702800000 0.7200000000 2.8925 0.7200000000 0 P 10
L 2.4852800000 0.7050000000 2.8947700000 0.7050000000 0 P 10
L 2.45528 0.7350000000 2.8946 0.7350000000 0 P 10
L 2.8452300000 0.63 2.8934100000 0.63 0 P 10
L 2.83788 0.6150000000 2.89277 0.6150000000 0 P 10
L 2.8215600000 0.6000000000 2.89658 0.6000000000 0 P 10
L 2.79028 0.465 2.9174900000 0.465 0 P 10
L 2.79 0.46528 2.915 0.46528 0 P 10
L 2.7002800000 0.555 2.9056200000 0.555 0 P 10
L 2.83 0.39 2.90212 0.39 0 P 10
L 2.8402800000 0.375 2.9184400000 0.375 0 P 10
L 2.80528 0.45 2.90172 0.45 0 P 10
L 2.73028 0.525 2.89271 0.525 0 P 10
L 2.74 0.5152800000 2.8927400000 0.5152800000 0 P 10
L 2.7152800000 0.54 2.8963400000 0.54 0 P 10
L 2.83 0.4200000000 2.8925 0.4200000000 0 P 10
L 2.83 0.405 2.8947700000 0.405 0 P 10
L 2.8202800000 0.4350000000 2.8946 0.4350000000 0 P 10
L 2.78594 0.6970000000 2.78594 1.41758 0 P 10
L 2.7709400000 0.6919500000 2.7709400000 1.4325800000 0 P 10
L 2.7559400000 0.6803600000 2.7559400000 1.44758 0 P 10
L 2.8159400000 0.6934300000 2.8159400000 1.38758 0 P 10
L 2.83094 0.6835600000 2.83094 1.3725800000 0 P 10
L 2.80094 0.69745 2.80094 1.4025800000 0 P 10
L 2.63594 0.7020200000 2.63594 1.47428 0 P 10
L 2.6509400000 0.69442 2.6509400000 1.47428 0 P 10
L 2.62094 0.7044900000 2.62094 1.47428 0 P 10
L 2.6059400000 0.7025800000 2.6059400000 1.47428 0 P 10
L 2.5909400000 0.69572 2.5909400000 1.47428 0 P 10
L 2.57594 0.68054 2.57594 1.47428 0 P 10
L 2.84594 0.658 2.84594 1.35758 0 P 10
L 2.74094 0.5152800000 2.74094 1.4625800000 0 P 10
L 2.72594 0.5293500000 2.72594 1.47428 0 P 10
L 2.89094 0.5152800000 2.89094 1.3442800000 0 P 10
L 2.8759400000 0.5152800000 2.8759400000 1.3442800000 0 P 10
L 2.8609400000 0.5152800000 2.8609400000 1.3459100000 0 P 10
L 2.6959400000 0.55935 2.6959400000 1.47428 0 P 10
L 2.7109400000 0.54435 2.7109400000 1.47428 0 P 10
L 2.68094 0.57435 2.68094 1.47428 0 P 10
L 2.6659400000 0.67742 2.6659400000 1.47428 0 P 10
L 2.5609400000 0.6293500000 2.5609400000 1.47428 0 P 10
L 2.5459400000 0.6443500000 2.5459400000 1.47428 0 P 10
L 2.42594 0.7502800000 2.42594 1.47428 0 P 10
L 2.41094 0.7502800000 2.41094 1.47428 0 P 10
L 2.3959400000 0.7502800000 2.3959400000 1.11219 0 P 10
L 2.3809400000 0.7502800000 2.3809400000 1.09528 0 P 10
L 2.36594 0.7502800000 2.36594 1.09206 0 P 10
L 2.35094 0.7502800000 2.35094 1.0967500000 0 P 10
L 2.2909400000 0.7502800000 2.2909400000 1.1821000000 0 P 10
L 2.2759400000 0.7502800000 2.2759400000 1.1982000000 0 P 10
L 2.26094 0.7502800000 2.26094 1.2299200000 0 P 10
L 2.3359400000 0.7502800000 2.3359400000 1.1348 0 P 10
L 2.3209400000 0.7502800000 2.3209400000 1.13822 0 P 10
L 2.30594 0.7502800000 2.30594 1.1560300000 0 P 10
L 2.51594 0.67435 2.51594 1.47428 0 P 10
L 2.53094 0.6593500000 2.53094 1.47428 0 P 10
L 2.5009400000 0.68935 2.5009400000 1.47428 0 P 10
L 2.47094 0.71935 2.47094 1.47428 0 P 10
L 2.4859400000 0.70435 2.4859400000 1.47428 0 P 10
L 2.45594 0.7343500000 2.45594 1.47428 0 P 10
L 2.2309400000 0.7502800000 2.2309400000 1.47428 0 P 10
L 2.4409400000 0.7493500000 2.4409400000 1.47428 0 P 10
L 2.2159400000 0.7502800000 2.2159400000 1.47428 0 P 10
L 2.24594 0.7502800000 2.24594 1.2435100000 0 P 10
L 2.20094 0.7502800000 2.20094 1.47428 0 P 10
L 2.1859400000 0.7502800000 2.1859400000 1.47428 0 P 10
L 2.84594 0.5152800000 2.84594 0.6325700000 0 P 10
L 2.83094 0.5152800000 2.83094 0.60701 0 P 10
L 2.8159400000 0.5152800000 2.8159400000 0.59714 0 P 10
L 2.80094 0.5152800000 2.80094 0.5931200000 0 P 10
L 2.78594 0.5152800000 2.78594 0.59357 0 P 10
L 2.6718900000 0.66 2.74461 0.66 0 P 10
L 2.6720300000 0.645 2.7425 0.645 0 P 10
L 2.66719 0.675 2.75172 0.675 0 P 10
L 2.66767 0.63 2.7447700000 0.63 0 P 10
L 2.7709400000 0.5152800000 2.7709400000 0.59862 0 P 10
L 2.6659400000 0.58935 2.6659400000 0.62658 0 P 10
L 2.8759400000 0.3393500000 2.8759400000 0.46528 0 P 10
L 2.89094 0.32435 2.89094 0.46528 0 P 10
L 2.8609400000 0.3543500000 2.8609400000 0.46528 0 P 10
L 2.84594 0.36935 2.84594 0.46528 0 P 10
L 2.8350000000 0.38028 2.89256 0.32273 0 P 10
L 2.83 0.38528 2.8350000000 0.38028 0 P 10
L 2.79 0.46528 2.83 0.4252800000 0 P 10
L 2.83094 0.38435 2.83094 0.46528 0 P 10
L 2.7559400000 0.5152800000 2.7559400000 0.61021 0 P 10
L 2.8159400000 0.43935 2.8159400000 0.46528 0 P 10
L 2.83 0.38528 2.83 0.4252800000 0 P 10
L 2.80094 0.4543500000 2.80094 0.46528 0 P 10
L 2.6562200000 0.6900000000 2.76749 0.6900000000 0 P 10
L 2.50028 0.6900000000 2.5837800000 0.6900000000 0 P 10
L 2.6572500000 0.6150000000 2.75212 0.6150000000 0 P 10
L 2.5302800000 0.66 2.5681100000 0.66 0 P 10
L 2.5452800000 0.645 2.5679700000 0.645 0 P 10
L 2.51528 0.675 2.57281 0.675 0 P 10
L 2.57594 0.6143500000 2.57594 0.62346 0 P 10
L 2.5752800000 0.6150000000 2.5827500000 0.6150000000 0 P 10
L 2.56028 0.63 2.57233 0.63 0 P 10
L 2.6550000000 0.60028 2.665 0.59028 0 P 10
L 2.6552800000 0.6000000000 2.76844 0.6000000000 0 P 10
L 2.665 0.59028 2.74 0.5152800000 0 P 10
L 2.6290400000 0.60028 2.6550000000 0.60028 0 P 10
L 2.6509400000 0.60028 2.6509400000 0.60958 0 P 10
L 2.4400000000 0.7502800000 2.5900000000 0.60028 0 P 10
L 2.5909400000 0.60028 2.5909400000 0.60828 0 P 10
L 2.5900000000 0.60028 2.6109600000 0.60028 0 P 10
L 2.1709400000 1.67128 2.1709400000 1.7052800000 0 P 10
L 2.15594 1.67128 2.15594 1.7052800000 0 P 10
L 2.14094 1.67128 2.14094 1.7052800000 0 P 10
L 2.1259400000 1.67128 2.1259400000 1.7052800000 0 P 10
L 2.1109400000 1.67128 2.1109400000 1.7052800000 0 P 10
L 2.09594 1.67128 2.09594 1.7052800000 0 P 10
L 2.08094 1.67128 2.08094 1.7052800000 0 P 10
L 2.0659400000 1.67128 2.0659400000 1.7052800000 0 P 10
L 2.05094 1.67128 2.05094 1.7052800000 0 P 10
L 2.03594 1.67128 2.03594 1.7052800000 0 P 10
L 2.0209400000 1.67128 2.0209400000 1.7052800000 0 P 10
L 2.0059400000 1.67128 2.0059400000 1.7052800000 0 P 10
L 1.9909400000 1.67128 1.9909400000 1.7052800000 0 P 10
L 1.97594 1.67128 1.97594 1.7052800000 0 P 10
L 1.9609400000 1.67128 1.9609400000 1.7052800000 0 P 10
L 1.94594 1.67128 1.94594 1.7052800000 0 P 10
L 1.93094 1.67128 1.93094 1.7052800000 0 P 10
L 1.9159400000 1.67128 1.9159400000 1.7052800000 0 P 10
L 1.90094 1.67128 1.90094 1.7052800000 0 P 10
L 1.8859400000 1.67128 1.8859400000 1.7052800000 0 P 10
L 1.87094 1.67128 1.87094 1.7052800000 0 P 10
L 1.90094 1.57128 1.90094 1.57928 0 P 10
L 1.8859400000 1.57128 1.8859400000 1.57928 0 P 10
L 1.8559400000 1.67128 1.8559400000 1.7052800000 0 P 10
L 1.84094 1.67128 1.84094 1.7052800000 0 P 10
L 0.9950000000 1.7052800000 3.2950000000 1.7052800000 0 P 10
L 0.9950000000 1.695 2.8580500000 1.695 0 P 10
L 1.8259400000 1.67128 1.8259400000 1.7052800000 0 P 10
L 0.9950000000 1.6800000000 2.84295 1.6800000000 0 P 10
L 1.8109400000 1.67128 1.8109400000 1.7052800000 0 P 10
L 1.79594 1.67128 1.79594 1.7052800000 0 P 10
L 1.7809400000 1.67128 1.7809400000 1.7052800000 0 P 10
L 1.76594 1.67128 1.76594 1.7052800000 0 P 10
L 1.7509400000 1.67128 1.7509400000 1.7052800000 0 P 10
L 1.70594 1.67551 1.70594 1.7052800000 0 P 10
L 1.72594 1.67128 2.8342300000 1.67128 0 P 10
L 1.87094 1.57128 1.87094 1.57928 0 P 10
L 1.5009400000 1.57928 1.9051 1.57928 0 P 10
L 1.8559400000 1.57128 1.8559400000 1.57928 0 P 10
L 1.84094 1.57128 1.84094 1.57928 0 P 10
L 1.8259400000 1.57128 1.8259400000 1.57928 0 P 10
L 1.73594 1.67128 1.73594 1.7052800000 0 P 10
L 1.7209400000 1.6737600000 1.7209400000 1.7052800000 0 P 10
L 1.69094 1.6690900000 1.69094 1.7052800000 0 P 10
L 1.8109400000 1.57128 1.8109400000 1.57928 0 P 10
L 1.79594 1.57128 1.79594 1.57928 0 P 10
L 2.1726900000 1.455 2.24541 1.455 0 P 10
L 2.1697200000 1.4400000000 2.2470000000 1.4400000000 0 P 10
L 2.16432 1.47428 2.2431500000 1.47428 0 P 10
L 2.1682400000 1.425 2.2470000000 1.425 0 P 10
L 2.1682400000 1.4100000000 2.2470000000 1.4100000000 0 P 10
L 2.1682400000 1.395 2.2470000000 1.395 0 P 10
L 2.16773 1.4700000000 2.24257 1.4700000000 0 P 10
L 2.1709400000 1.4635900000 2.1709400000 1.47428 0 P 10
L 2.02176 1.4018000000 2.02176 1.4548100000 0 P 10
L 2.0209400000 1.39954 2.0209400000 1.4562300000 0 P 10
L 2.1682400000 1.3800000000 2.2470000000 1.3800000000 0 P 10
L 2.1682400000 1.3650000000 2.2470000000 1.3650000000 0 P 10
L 2.1682400000 1.35 2.2470000000 1.35 0 P 10
L 2.1682400000 1.3350000000 2.2470000000 1.3350000000 0 P 10
L 2.1682400000 1.32 2.2470000000 1.32 0 P 10
L 2.16827 1.3050000000 2.2470000000 1.3050000000 0 P 10
L 2.1682400000 1.3050300000 2.1682400000 1.4373 0 P 10
L 2.1709400000 1.30133 2.1709400000 1.4429 0 P 10
L 1.5350000000 1.57128 1.9079000000 1.57128 0 P 10
L 1.48862 1.5750000000 1.90629 1.5750000000 0 P 10
L 1.6399000000 1.47428 2.0174600000 1.47428 0 P 10
L 1.63871 1.4700000000 2.0172700000 1.4700000000 0 P 10
L 1.6385 1.455 2.02164 1.455 0 P 10
L 1.7809400000 1.57128 1.7809400000 1.57928 0 P 10
L 1.76594 1.57128 1.76594 1.57928 0 P 10
L 1.7509400000 1.57128 1.7509400000 1.57928 0 P 10
L 1.73594 1.57128 1.73594 1.57928 0 P 10
L 1.7209400000 1.57128 1.7209400000 1.57928 0 P 10
L 1.70594 1.57128 1.70594 1.57928 0 P 10
L 1.6385 1.35 2.0495 1.35 0 P 10
L 1.6385 1.3350000000 2.0536100000 1.3350000000 0 P 10
L 1.6385 1.32 2.0763800000 1.32 0 P 10
L 1.6385 1.3050000000 2.0799600000 1.3050000000 0 P 10
L 1.6385 1.29 2.0872200000 1.29 0 P 10
L 1.6385 1.2750000000 2.1162900000 1.2750000000 0 P 10
L 1.6385 1.4400000000 2.02176 1.4400000000 0 P 10
L 1.6385 1.425 2.02176 1.425 0 P 10
L 1.6385 1.4100000000 2.02176 1.4100000000 0 P 10
L 1.6385 1.395 2.01987 1.395 0 P 10
L 1.6385 1.3800000000 2.02129 1.3800000000 0 P 10
L 1.6385 1.3650000000 2.0329400000 1.3650000000 0 P 10
L 1.6759400000 1.63128 1.6759400000 1.7052800000 0 P 10
L 1.66094 1.63128 1.66094 1.7052800000 0 P 10
L 1.6459400000 1.63128 1.6459400000 1.7052800000 0 P 10
L 1.63094 1.63128 1.63094 1.7052800000 0 P 10
L 1.6159400000 1.63128 1.6159400000 1.7052800000 0 P 10
L 1.60094 1.63128 1.60094 1.7052800000 0 P 10
L 1.5859400000 1.63128 1.5859400000 1.7052800000 0 P 10
L 1.57094 1.63128 1.57094 1.7052800000 0 P 10
L 1.55594 1.63128 1.55594 1.7052800000 0 P 10
L 1.5409400000 1.63128 1.5409400000 1.7052800000 0 P 10
L 1.52594 1.63128 1.52594 1.7052800000 0 P 10
L 1.5109400000 1.63128 1.5109400000 1.7052800000 0 P 10
L 1.69094 1.57128 1.69094 1.57928 0 P 10
L 1.6759400000 1.57128 1.6759400000 1.57928 0 P 10
L 1.5009400000 1.63128 1.6829 1.63128 0 P 10
L 1.66094 1.57128 1.66094 1.57928 0 P 10
L 1.6459400000 1.57128 1.6459400000 1.57928 0 P 10
L 1.63094 1.57128 1.63094 1.57928 0 P 10
L 1.6159400000 1.57128 1.6159400000 1.57928 0 P 10
L 1.60094 1.57128 1.60094 1.57928 0 P 10
L 1.5859400000 1.57128 1.5859400000 1.57928 0 P 10
L 1.57094 1.57128 1.57094 1.57928 0 P 10
L 1.55594 1.57128 1.55594 1.57928 0 P 10
L 1.5409400000 1.57128 1.5409400000 1.57928 0 P 10
L 1.4809400000 1.63551 1.4809400000 1.7052800000 0 P 10
L 1.49594 1.63376 1.49594 1.7052800000 0 P 10
L 0.9950000000 1.665 1.68673 1.665 0 P 10
L 1.49187 1.635 1.6812900000 1.635 0 P 10
L 0.9950000000 1.6500000000 1.6798700000 1.6500000000 0 P 10
L 0.9950000000 1.635 1.4781300000 1.635 0 P 10
L 1.46594 1.6290900000 1.46594 1.7052800000 0 P 10
L 0.9950000000 1.62 1.45828 1.62 0 P 10
L 0.9950000000 1.6050000000 1.4545000000 1.6050000000 0 P 10
L 1.46594 1.51909 1.46594 1.5814800000 0 P 10
L 0.9950000000 1.59 1.4586100000 1.59 0 P 10
L 1.4509400000 1.47228 1.4509400000 1.7052800000 0 P 10
L 1.4359400000 1.47228 1.4359400000 1.7052800000 0 P 10
L 1.42094 1.47228 1.42094 1.7052800000 0 P 10
L 1.4059400000 1.47228 1.4059400000 1.7052800000 0 P 10
L 1.39094 1.47228 1.39094 1.7052800000 0 P 10
L 1.3759400000 1.47228 1.3759400000 1.7052800000 0 P 10
L 1.36094 1.4762000000 1.36094 1.7052800000 0 P 10
L 1.3459400000 1.47541 1.3459400000 1.7052800000 0 P 10
L 1.33094 1.4650200000 1.33094 1.7052800000 0 P 10
L 1.31594 1.4653600000 1.31594 1.7052800000 0 P 10
L 1.3009400000 1.4582600000 1.3009400000 1.7052800000 0 P 10
L 0.9950000000 1.4752800000 0.9950000000 1.7052800000 0 P 10
L 1.52594 1.5696500000 1.52594 1.57928 0 P 10
L 1.5109400000 1.5579900000 1.5109400000 1.57928 0 P 10
L 1.4778900000 1.5249400000 1.51662 1.5636700000 0 P 10
L 1.49594 1.54299 1.49594 1.57681 0 P 10
L 1.4809400000 1.5279900000 1.4809400000 1.5750600000 0 P 10
L 1.45523 1.47228 1.46032 1.47737 0 P 10
L 1.37094 1.47228 1.45523 1.47228 0 P 10
L 1.33094 1.3111000000 1.33094 1.3222200000 0 P 10
L 1.31594 1.39481 1.31594 1.40409 0 P 10
L 1.3009400000 1.38839 1.3009400000 1.4123100000 0 P 10
L 1.3222500000 1.395 1.3252700000 1.395 0 P 10
L 1.31594 1.3003200000 1.31594 1.3343500000 0 P 10
L 1.3009400000 1.2939 1.3009400000 1.34077 0 P 10
L 0.9950000000 1.5750000000 1.4813800000 1.5750000000 0 P 10
L 0.9950000000 1.56 1.51295 1.56 0 P 10
L 0.9950000000 1.5450000000 1.4979500000 1.5450000000 0 P 10
L 0.9950000000 1.53 1.4829500000 1.53 0 P 10
L 0.9950000000 1.5150000000 1.4617300000 1.5150000000 0 P 10
L 0.9950000000 1.5 1.45487 1.5 0 P 10
L 0.9950000000 1.485 1.45629 1.485 0 P 10
L 0.98972 1.4700000000 1.33582 1.4700000000 0 P 10
L 0.9600000000 1.44028 0.9950000000 1.4752800000 0 P 10
L 0.97472 1.455 1.29773 1.455 0 P 10
L 0.9600000000 1.4400000000 1.2908700000 1.4400000000 0 P 10
L 0.9600000000 1.425 1.2922900000 1.425 0 P 10
L 0.9600000000 1.4100000000 1.30394 1.4100000000 0 P 10
L 0.9600000000 1.395 1.3177500000 1.395 0 P 10
L 0.9600000000 1.3350000000 1.31258 1.3350000000 0 P 10
L 0.9600000000 1.32 1.33284 1.32 0 P 10
L 0.9600000000 1.3050000000 1.32766 1.3050000000 0 P 10
L 0.9600000000 1.3800000000 1.2936800000 1.3800000000 0 P 10
L 0.9600000000 1.3650000000 1.2895 1.3650000000 0 P 10
L 0.9600000000 1.35 1.2932100000 1.35 0 P 10
L 0.9600000000 1.29 1.29689 1.29 0 P 10
L 0.9600000000 1.2750000000 1.2899 1.2750000000 0 P 10
L 2.1620600000 1.26 2.2423200000 1.26 0 P 10
L 2.1709400000 0.7502800000 2.1709400000 1.2692400000 0 P 10
L 2.15594 0.7502800000 2.15594 1.2568100000 0 P 10
L 2.14094 0.7502800000 2.14094 1.25506 0 P 10
L 2.1259400000 0.7502800000 2.1259400000 1.26147 0 P 10
L 2.0659400000 0.7502800000 2.0659400000 1.32322 0 P 10
L 2.05094 0.7502800000 2.05094 1.3410300000 0 P 10
L 2.03594 0.7502800000 2.03594 1.36322 0 P 10
L 2.1109400000 0.7502800000 2.1109400000 1.2798 0 P 10
L 2.09594 0.7502800000 2.09594 1.28322 0 P 10
L 2.08094 0.7502800000 2.08094 1.3010300000 0 P 10
L 2.0059400000 0.7502800000 2.0059400000 1.47428 0 P 10
L 1.9909400000 0.7502800000 1.9909400000 1.47428 0 P 10
L 1.97594 0.7502800000 1.97594 1.47428 0 P 10
L 2.0209400000 0.7502800000 2.0209400000 1.3810300000 0 P 10
L 1.9609400000 0.7502800000 1.9609400000 1.47428 0 P 10
L 1.94594 0.7502800000 1.94594 1.47428 0 P 10
L 1.93094 0.7502800000 1.93094 1.47428 0 P 10
L 1.9159400000 0.7502800000 1.9159400000 1.47428 0 P 10
L 1.90094 0.7502800000 1.90094 1.47428 0 P 10
L 1.8859400000 0.7502800000 1.8859400000 1.47428 0 P 10
L 1.87094 0.7502800000 1.87094 1.47428 0 P 10
L 1.8559400000 0.7502800000 1.8559400000 1.47428 0 P 10
L 1.6385 1.2300000000 2.2607600000 1.2300000000 0 P 10
L 1.6385 1.215 2.2742500000 1.215 0 P 10
L 1.6385 1.2000000000 2.2752800000 1.2000000000 0 P 10
L 1.6385 1.185 2.2861300000 1.185 0 P 10
L 1.6385 1.1700000000 2.30487 1.1700000000 0 P 10
L 1.6385 1.155 2.30629 1.155 0 P 10
L 1.84094 0.7502800000 1.84094 1.47428 0 P 10
L 1.8259400000 0.7502800000 1.8259400000 1.47428 0 P 10
L 1.6385 1.08115 1.6385 1.4694200000 0 P 10
L 1.6385 1.26 2.12794 1.26 0 P 10
L 1.6385 1.245 2.2451800000 1.245 0 P 10
L 1.45249 1.18103 1.54034 1.0931700000 0 P 10
L 1.8109400000 0.7502800000 1.8109400000 1.47428 0 P 10
L 1.79594 0.7502800000 1.79594 1.47428 0 P 10
L 1.7809400000 0.7502800000 1.7809400000 1.47428 0 P 10
L 1.76594 0.7502800000 1.76594 1.47428 0 P 10
L 1.7509400000 0.7502800000 1.7509400000 1.47428 0 P 10
L 1.73594 0.7502800000 1.73594 1.47428 0 P 10
L 1.7209400000 0.7502800000 1.7209400000 1.47428 0 P 10
L 1.70594 0.7502800000 1.70594 1.47428 0 P 10
L 1.69094 0.7502800000 1.69094 1.47428 0 P 10
L 1.6759400000 0.7502800000 1.6759400000 1.47428 0 P 10
L 1.66094 0.7502800000 1.66094 1.47428 0 P 10
L 1.6459400000 0.7502800000 1.6459400000 1.47428 0 P 10
L 1.6385 1.125 2.33684 1.125 0 P 10
L 1.6385 1.11 2.33944 1.11 0 P 10
L 1.6385 1.0950000000 2.3541100000 1.0950000000 0 P 10
L 1.63891 1.08 2.9113300000 1.08 0 P 10
L 1.6400400000 1.0650000000 2.9174900000 1.0650000000 0 P 10
L 1.6327800000 1.05 2.90172 1.05 0 P 10
L 1.6385 1.1400000000 2.31794 1.1400000000 0 P 10
L 1.52594 1.05658 1.52594 1.10758 0 P 10
L 1.5409400000 1.0715800000 1.5409400000 1.0910300000 0 P 10
L 1.63094 0.7502800000 1.63094 1.04811 0 P 10
L 1.6159400000 0.7502800000 1.6159400000 1.04037 0 P 10
L 1.60094 0.7502800000 1.60094 1.04116 0 P 10
L 1.5750700000 1.0350000000 2.8946 1.0350000000 0 P 10
L 1.56007 1.02 2.8925 1.02 0 P 10
L 1.5450700000 1.0050000000 2.8947700000 1.0050000000 0 P 10
L 1.5859400000 0.7502800000 1.5859400000 1.04587 0 P 10
L 1.57094 0.7502800000 1.57094 1.0308700000 0 P 10
L 1.54268 1.00261 1.58861 1.04854 0 P 10
L 1.55594 0.7502800000 1.55594 1.01587 0 P 10
L 1.5409400000 0.7502800000 1.5409400000 1.00102 0 P 10
L 1.46862 0.9900000000 2.90212 0.9900000000 0 P 10
L 0.9600000000 0.9750000000 2.9184400000 0.9750000000 0 P 10
L 0.9600000000 0.9600000000 2.91067 0.9600000000 0 P 10
L 0.9600000000 0.9450000000 2.89868 0.9450000000 0 P 10
L 0.9600000000 0.93 2.8934100000 0.93 0 P 10
L 0.9600000000 0.915 2.89277 0.915 0 P 10
L 0.9600000000 1.0950000000 1.53851 1.0950000000 0 P 10
L 1.5146400000 1.0452800000 1.5482600000 1.0789000000 0 P 10
L 0.9600000000 1.08 1.54722 1.08 0 P 10
L 1.4824700000 0.99528 1.5250000000 0.99528 0 P 10
L 0.9600000000 1.0650000000 1.5343600000 1.0650000000 0 P 10
L 0.9600000000 0.885 2.90613 0.885 0 P 10
L 0.9600000000 0.8700000000 2.9281300000 0.8700000000 0 P 10
L 0.9600000000 0.8550000000 2.9056200000 0.8550000000 0 P 10
L 0.9600000000 0.795 2.8989900000 0.795 0 P 10
L 0.9600000000 0.78 2.9113300000 0.78 0 P 10
L 0.9600000000 0.765 2.9174900000 0.765 0 P 10
L 0.9600000000 0.9 2.89658 0.9 0 P 10
L 0.9600000000 0.8400000000 2.8963400000 0.8400000000 0 P 10
L 0.9600000000 0.8250000000 2.89271 0.8250000000 0 P 10
L 1.485 0.7502800000 2.4400000000 0.7502800000 0 P 10
L 0.9600000000 0.81 2.89352 0.81 0 P 10
L 1.43666 1.1968500000 1.45249 1.18103 0 P 10
L 1.4359400000 1.0295400000 1.4359400000 1.1968500000 0 P 10
L 1.3359500000 1.1968500000 1.43666 1.1968500000 0 P 10
L 1.46594 1.0507700000 1.46594 1.16758 0 P 10
L 1.4809400000 1.0462900000 1.4809400000 1.1525800000 0 P 10
L 1.4509400000 1.04735 1.4509400000 1.1825800000 0 P 10
L 1.42094 0.68622 1.42094 1.1968500000 0 P 10
L 1.4059400000 0.67122 1.4059400000 1.1968500000 0 P 10
L 1.39094 0.65622 1.39094 1.1968500000 0 P 10
L 1.3759400000 0.64122 1.3759400000 1.1968500000 0 P 10
L 1.36094 0.4312200000 1.36094 1.1968500000 0 P 10
L 1.3009400000 0.4252800000 1.3009400000 1.19904 0 P 10
L 1.28594 0.4252800000 1.28594 1.7052800000 0 P 10
L 1.3459400000 0.4252800000 1.3459400000 1.1968500000 0 P 10
L 1.33094 0.4252800000 1.33094 1.1943800000 0 P 10
L 1.31594 0.4252800000 1.31594 1.19262 0 P 10
L 1.2709400000 0.4252800000 1.2709400000 1.7052800000 0 P 10
L 1.25594 0.4252800000 1.25594 1.7052800000 0 P 10
L 1.2409400000 0.4252800000 1.2409400000 1.7052800000 0 P 10
L 1.22594 0.4252800000 1.22594 1.7052800000 0 P 10
L 1.2109400000 0.4252800000 1.2109400000 1.7052800000 0 P 10
L 1.19594 0.4252800000 1.19594 1.7052800000 0 P 10
L 0.9600000000 1.26 1.29122 1.26 0 P 10
L 0.9600000000 1.245 1.2990300000 1.245 0 P 10
L 0.9600000000 1.2000000000 1.2998 1.2000000000 0 P 10
L 0.9600000000 1.185 1.4485100000 1.185 0 P 10
L 0.9600000000 1.1700000000 1.46351 1.1700000000 0 P 10
L 0.9600000000 1.155 1.4785100000 1.155 0 P 10
L 0.98594 0.5293500000 0.98594 1.46622 0 P 10
L 1.0009400000 0.5143500000 1.0009400000 1.7052800000 0 P 10
L 0.97094 0.54435 0.97094 1.4512200000 0 P 10
L 0.9600000000 1.2300000000 1.29035 1.2300000000 0 P 10
L 0.9600000000 0.5552800000 0.9600000000 1.44028 0 P 10
L 0.9600000000 1.215 1.2905300000 1.215 0 P 10
L 1.18094 0.4252800000 1.18094 1.7052800000 0 P 10
L 1.1659400000 0.4252800000 1.1659400000 1.7052800000 0 P 10
L 1.15094 0.4252800000 1.15094 1.7052800000 0 P 10
L 1.1359400000 0.4252800000 1.1359400000 1.7052800000 0 P 10
L 1.12094 0.4252800000 1.12094 1.7052800000 0 P 10
L 1.1059400000 0.4252800000 1.1059400000 1.7052800000 0 P 10
L 1.0759400000 0.43935 1.0759400000 1.7052800000 0 P 10
L 1.09094 0.4252800000 1.09094 1.7052800000 0 P 10
L 1.0609400000 0.4543500000 1.0609400000 1.7052800000 0 P 10
L 1.0309400000 0.48435 1.0309400000 1.7052800000 0 P 10
L 1.04594 0.4693500000 1.04594 1.7052800000 0 P 10
L 1.01594 0.49935 1.01594 1.7052800000 0 P 10
L 1.5109400000 1.0452800000 1.5109400000 1.1225800000 0 P 10
L 1.49594 1.0452800000 1.49594 1.13758 0 P 10
L 1.47187 1.05 1.51936 1.05 0 P 10
L 1.52594 0.7502800000 1.52594 0.9953000000 0 P 10
L 1.5109400000 0.7502800000 1.5109400000 0.99528 0 P 10
L 1.4824700000 1.0452800000 1.5146400000 1.0452800000 0 P 10
L 1.49594 0.7502800000 1.49594 0.99528 0 P 10
L 1.4359400000 0.7012200000 1.4359400000 1.01103 0 P 10
L 1.4809400000 0.7462200000 1.4809400000 0.99428 0 P 10
L 1.46594 0.7312200000 1.46594 0.9898 0 P 10
L 1.4509400000 0.7162200000 1.4509400000 0.9932200000 0 P 10
L 1.37 0.6352800000 1.485 0.7502800000 0 P 10
L 0.99028 0.525 1.37 0.525 0 P 10
L 0.97528 0.54 1.37 0.54 0 P 10
L 1.02028 0.4950000000 1.37 0.4950000000 0 P 10
L 1.0352800000 0.4800000000 1.37 0.4800000000 0 P 10
L 1.0052800000 0.51 1.37 0.51 0 P 10
L 1.06528 0.45 1.37 0.45 0 P 10
L 1.37 0.44028 1.37 0.6352800000 0 P 10
L 1.05028 0.465 1.37 0.465 0 P 10
L 1.3550000000 0.4252800000 1.37 0.44028 0 P 10
L 1.09 0.4252800000 1.3550000000 0.4252800000 0 P 10
L 1.0802800000 0.4350000000 1.3647200000 0.4350000000 0 P 10
L 0.9600000000 1.1400000000 1.4935100000 1.1400000000 0 P 10
L 0.9600000000 1.125 1.50851 1.125 0 P 10
L 0.9600000000 1.11 1.5235100000 1.11 0 P 10
L 0.9600000000 0.9900000000 1.4613800000 0.9900000000 0 P 10
L 0.9600000000 0.75 1.48472 0.75 0 P 10
L 0.9600000000 0.7350000000 1.4697200000 0.7350000000 0 P 10
L 0.9600000000 1.05 1.4581300000 1.05 0 P 10
L 0.9600000000 1.0350000000 1.43828 1.0350000000 0 P 10
L 0.9600000000 1.02 1.4345 1.02 0 P 10
L 0.9600000000 1.0050000000 1.4386100000 1.0050000000 0 P 10
L 0.9600000000 0.7200000000 1.45472 0.7200000000 0 P 10
L 0.9600000000 0.7050000000 1.43972 0.7050000000 0 P 10
L 0.9600000000 0.6900000000 1.4247200000 0.6900000000 0 P 10
L 0.9600000000 0.675 1.40972 0.675 0 P 10
L 0.9600000000 0.66 1.3947200000 0.66 0 P 10
L 0.9600000000 0.645 1.37972 0.645 0 P 10
L 0.9600000000 0.63 1.37 0.63 0 P 10
L 0.9600000000 0.6150000000 1.37 0.6150000000 0 P 10
L 0.9600000000 0.6000000000 1.37 0.6000000000 0 P 10
L 0.9600000000 0.5850000000 1.37 0.5850000000 0 P 10
L 0.9600000000 0.5700000000 1.37 0.5700000000 0 P 10
L 0.96028 0.555 1.37 0.555 0 P 10
L 0.9600000000 0.5552800000 1.09 0.4252800000 0 P 10
L 2.62449 0.54 2.62778 0.54 0 P 10
L 2.62508 0.54271 2.66001 0.50777 0 P 10
L 2.6152800000 0.525 2.64278 0.525 0 P 10
L 2.50002 0.51 2.6577800000 0.51 0 P 10
L 2.515 0.57628 2.515 0.61028 0 P 10
L 2.5009400000 0.57628 2.5009400000 0.6243500000 0 P 10
L 2.4859400000 0.5738300000 2.4859400000 0.6393500000 0 P 10
L 2.50931 0.5192800000 2.58414 0.5192800000 0 P 10
L 2.4975 0.57628 2.515 0.57628 0 P 10
L 2.7600000000 0.44278 2.79 0.4127800000 0 P 10
L 2.7709400000 0.31645 2.7709400000 0.43185 0 P 10
L 2.725 0.44278 2.7600000000 0.44278 0 P 10
L 2.79 0.32245 2.79 0.4127800000 0 P 10
L 2.78594 0.3218200000 2.78594 0.4168500000 0 P 10
L 2.7025 0.46528 2.7150000000 0.45278 0 P 10
L 2.48502 0.4950000000 2.6548700000 0.4950000000 0 P 10
L 2.7559400000 0.30429 2.7559400000 0.44278 0 P 10
L 2.7150000000 0.45278 2.725 0.44278 0 P 10
L 2.47094 0.5615300000 2.47094 0.6543500000 0 P 10
L 2.43 0.69528 2.515 0.61028 0 P 10
L 1.9737600000 0.5700000000 2.4796500000 0.5700000000 0 P 10
L 2.45594 0.5465300000 2.45594 0.66935 0 P 10
L 2.4409400000 0.5315300000 2.4409400000 0.68435 0 P 10
L 1.99303 0.555 2.4644100000 0.555 0 P 10
L 1.995 0.54 2.4494100000 0.54 0 P 10
L 1.995 0.525 2.43441 0.525 0 P 10
L 2.45502 0.465 2.66794 0.465 0 P 10
L 2.44002 0.45 2.7177800000 0.45 0 P 10
L 2.4250200000 0.4350000000 2.76778 0.4350000000 0 P 10
L 2.4100200000 0.4200000000 2.7827800000 0.4200000000 0 P 10
L 2.39502 0.405 2.79 0.405 0 P 10
L 2.42594 0.51653 2.42594 0.69528 0 P 10
L 2.3048900000 0.3954800000 2.47731 0.56789 0 P 10
L 2.4700200000 0.4800000000 2.6562900000 0.4800000000 0 P 10
L 2.3550400000 0.36502 2.50931 0.5192800000 0 P 10
L 3.28487 0.2850000000 3.2950000000 0.2850000000 0 P 10
L 3.2610900000 0.27 3.2950000000 0.27 0 P 10
L 3.16109 0.27 3.23091 0.27 0 P 10
L 3.19442 0.3000000000 3.1975800000 0.3000000000 0 P 10
L 3.18488 0.2850000000 3.20712 0.2850000000 0 P 10
L 3.09342 0.3000000000 3.0975800000 0.3000000000 0 P 10
L 3.2509400000 0.2396400000 3.2509400000 0.2680200000 0 P 10
L 3.26594 0.2336700000 3.26594 0.27172 0 P 10
L 3.2359400000 0.24259 3.2359400000 0.2687600000 0 P 10
L 3.2795400000 0.225 3.2950000000 0.225 0 P 10
L 3.2496500000 0.2400000000 3.2950000000 0.2400000000 0 P 10
L 3.20594 0.24043 3.20594 0.2863500000 0 P 10
L 3.1909400000 0.2355400000 3.1909400000 0.29314 0 P 10
L 3.22094 0.24285 3.22094 0.27415 0 P 10
L 3.17594 0.22766 3.17594 0.27716 0 P 10
L 2.38002 0.39 2.79 0.39 0 P 10
L 2.3650200000 0.375 2.79 0.375 0 P 10
L 2.3537100000 0.3600000000 2.79 0.3600000000 0 P 10
L 3.08387 0.2850000000 3.10713 0.2850000000 0 P 10
L 2.34206 0.3450000000 2.79 0.3450000000 0 P 10
L 2.1300000000 0.33 2.79 0.33 0 P 10
L 2.1300000000 0.315 2.7684300000 0.315 0 P 10
L 2.1300000000 0.3000000000 2.75266 0.3000000000 0 P 10
L 2.1300000000 0.2850000000 2.74554 0.2850000000 0 P 10
L 3.0709400000 0.2659300000 3.0709400000 0.2746400000 0 P 10
L 3.0859400000 0.2531500000 3.0859400000 0.2874100000 0 P 10
L 3.0700000000 0.27 3.13091 0.27 0 P 10
L 3.0936600000 0.2400000000 3.2043100000 0.2400000000 0 P 10
L 3.0843800000 0.255 3.2950000000 0.255 0 P 10
L 3.0700000000 0.26645 3.0700000000 0.2741200000 0 P 10
L 2.1300000000 0.27 2.74344 0.27 0 P 10
L 2.1300000000 0.255 2.7457100000 0.255 0 P 10
L 2.1300000000 0.2400000000 2.7530500000 0.2400000000 0 P 10
L 2.41094 0.50153 2.41094 0.69528 0 P 10
L 2.3959400000 0.48653 2.3959400000 0.69528 0 P 10
L 2.1259400000 0.48665 2.1259400000 0.69528 0 P 10
L 2.1109400000 0.5014400000 2.1109400000 0.69528 0 P 10
L 2.09594 0.5052700000 2.09594 0.69528 0 P 10
L 2.08094 0.50234 2.08094 0.69528 0 P 10
L 2.0659400000 0.48979 2.0659400000 0.69528 0 P 10
L 1.995 0.5302800000 1.995 0.5452800000 0 P 10
L 1.995 0.5202800000 1.995 0.5452800000 0 P 10
L 1.995 0.5202800000 1.995 0.5452800000 0 P 10
L 2.3809400000 0.47153 2.3809400000 0.69528 0 P 10
L 2.36594 0.4565300000 2.36594 0.69528 0 P 10
L 2.35094 0.4415300000 2.35094 0.69528 0 P 10
L 2.3359400000 0.42653 2.3359400000 0.69528 0 P 10
L 2.3209400000 0.41153 2.3209400000 0.69528 0 P 10
L 2.30594 0.3965300000 2.30594 0.69528 0 P 10
L 1.995 0.4202800000 1.995 0.5202800000 0 P 10
L 1.995 0.4202800000 1.995 0.5202800000 0 P 10
L 1.97594 0.56957 1.97594 0.69528 0 P 10
L 1.9609400000 0.57028 1.9609400000 0.69528 0 P 10
L 1.94594 0.57028 1.94594 0.69528 0 P 10
L 1.93094 0.57028 1.93094 0.69528 0 P 10
L 1.8450000000 0.57028 1.9700000000 0.57028 0 P 10
L 1.9159400000 0.57028 1.9159400000 0.69528 0 P 10
L 1.90094 0.57028 1.90094 0.69528 0 P 10
L 1.8859400000 0.57028 1.8859400000 0.69528 0 P 10
L 1.87094 0.57028 1.87094 0.69528 0 P 10
L 1.8559400000 0.57028 1.8559400000 0.69528 0 P 10
L 1.995 0.51 2.41941 0.51 0 P 10
L 1.9909400000 0.5589500000 1.9909400000 0.69528 0 P 10
L 1.84094 0.57028 1.84094 0.69528 0 P 10
L 1.8450000000 0.57028 1.9700000000 0.57028 0 P 10
L 2.12862 0.4800000000 2.3894100000 0.4800000000 0 P 10
L 2.1300000000 0.465 2.37441 0.465 0 P 10
L 2.1197800000 0.4950000000 2.4044100000 0.4950000000 0 P 10
L 2.1300000000 0.45 2.35941 0.45 0 P 10
L 2.1300000000 0.4350000000 2.3444100000 0.4350000000 0 P 10
L 1.995 0.4950000000 2.0702200000 0.4950000000 0 P 10
L 1.995 0.4800000000 2.06138 0.4800000000 0 P 10
L 1.995 0.465 2.06 0.465 0 P 10
L 1.995 0.45 2.06 0.45 0 P 10
L 2.1300000000 0.4200000000 2.32941 0.4200000000 0 P 10
L 2.1300000000 0.405 2.31441 0.405 0 P 10
L 2.1300000000 0.3450000000 2.3079400000 0.3450000000 0 P 10
L 2.1300000000 0.39 2.30059 0.39 0 P 10
L 2.1300000000 0.375 2.2948700000 0.375 0 P 10
L 2.1300000000 0.3600000000 2.2962900000 0.3600000000 0 P 10
L 1.995 0.4350000000 2.06 0.4350000000 0 P 10
L 1.995 0.4200000000 2.06 0.4200000000 0 P 10
L 1.995 0.405 2.06 0.405 0 P 10
L 1.995 0.39 2.06 0.39 0 P 10
L 1.995 0.375 2.06 0.375 0 P 10
L 1.995 0.3600000000 2.06 0.3600000000 0 P 10
L 1.995 0.3450000000 2.06 0.3450000000 0 P 10
L 1.995 0.33 2.06 0.33 0 P 10
L 1.995 0.315 2.06 0.315 0 P 10
L 1.995 0.3000000000 2.06 0.3000000000 0 P 10
L 1.995 0.2952800000 1.995 0.4202800000 0 P 10
L 1.995 0.2952800000 1.995 0.4202800000 0 P 10
L 1.99279 0.2850000000 2.06 0.2850000000 0 P 10
L 1.8450000000 0.27028 1.9700000000 0.27028 0 P 10
L 1.8450000000 0.27028 1.9700000000 0.27028 0 P 10
L 3.28094 0.2238800000 3.28094 0.2811 0 P 10
L 3.2950000000 0.2093600000 3.2950000000 0.3014400000 0 P 10
L 3.16094 0.2150800000 3.16094 0.26995 0 P 10
L 3.09729 0.225 3.17214 0.225 0 P 10
L 3.09648 0.2100000000 3.1564900000 0.2100000000 0 P 10
L 3.1459400000 0.1933000000 3.1459400000 0.26778 0 P 10
L 3.0910100000 0.195 3.14678 0.195 0 P 10
L 2.99101 0.195 2.99899 0.195 0 P 10
L 3.1309400000 0.02527 3.1309400000 0.26999 0 P 10
L 3.11594 0.02527 3.11594 0.2772400000 0 P 10
L 3.10094 0.02527 3.10094 0.2933500000 0 P 10
L 3.0786700000 0.1800000000 3.1408600000 0.1800000000 0 P 10
L 2.99594 0.02526 2.99594 0.2016 0 P 10
L 3.0859400000 0.02526 3.0859400000 0.18742 0 P 10
L 3.01094 0.02526 3.01094 0.18034 0 P 10
L 2.8400000000 0.22028 2.8925 0.22028 0 P 10
L 2.84594 0.1847200000 2.84594 0.22028 0 P 10
L 2.8299700000 0.2303100000 2.8400000000 0.22028 0 P 10
L 2.8421900000 0.195 2.8989900000 0.195 0 P 10
L 2.83122 0.2100000000 2.89352 0.2100000000 0 P 10
L 2.83094 0.21027 2.83094 0.2293500000 0 P 10
L 2.8225000000 0.225 2.83528 0.225 0 P 10
L 2.7709400000 0.2186600000 2.7709400000 0.22412 0 P 10
L 2.90594 0.02525 2.90594 0.18521 0 P 10
L 2.89094 0.02525 2.89094 0.22028 0 P 10
L 2.9809400000 0.02526 2.9809400000 0.18201 0 P 10
L 2.97867 0.1800000000 3.01133 0.1800000000 0 P 10
L 2.8759400000 0.02525 2.8759400000 0.22028 0 P 10
L 2.8609400000 0.0252400000 2.8609400000 0.22028 0 P 10
L 3.2950000000 0.02528 3.2950000000 0.10577 0 P 10
L 3.28094 0.02528 3.28094 0.0912500000 0 P 10
L 3.27936 0.0900000000 3.2950000000 0.0900000000 0 P 10
L 3.24949 0.0750000000 3.2950000000 0.0750000000 0 P 10
L 3.26594 0.02528 3.26594 0.08147 0 P 10
L 3.2509400000 0.02528 3.2509400000 0.07549 0 P 10
L 3.20594 0.02527 3.20594 0.07251 0 P 10
L 3.2359400000 0.02528 3.2359400000 0.0717800000 0 P 10
L 3.22094 0.02528 3.22094 0.0708200000 0 P 10
L 3.16094 0.02527 3.16094 0.0974900000 0 P 10
L 3.1459400000 0.02527 3.1459400000 0.11927 0 P 10
L 3.0709400000 0.02526 3.0709400000 0.1746400000 0 P 10
L 3.1909400000 0.02527 3.1909400000 0.07703 0 P 10
L 3.17594 0.02527 3.17594 0.0849100000 0 P 10
L 3.0259400000 0.02526 3.0259400000 0.1713700000 0 P 10
L 2.9659400000 0.02525 2.9659400000 0.1721400000 0 P 10
L 3.05594 0.02526 3.05594 0.16894 0 P 10
L 3.0409400000 0.02526 3.0409400000 0.16794 0 P 10
L 2.84703 0.165 3.13795 0.165 0 P 10
L 2.84267 0.1500000000 3.1377400000 0.1500000000 0 P 10
L 2.83225 0.135 3.1402 0.135 0 P 10
L 2.80223 0.1200000000 3.1455900000 0.1200000000 0 P 10
L 2.12867 0.1050000000 3.1546000000 0.1050000000 0 P 10
L 2.84689 0.1800000000 2.9113300000 0.1800000000 0 P 10
L 2.14101 0.1200000000 2.78777 0.1200000000 0 P 10
L 2.95094 0.02525 2.95094 0.1681200000 0 P 10
L 2.9359400000 0.02525 2.9359400000 0.1685700000 0 P 10
L 2.9209400000 0.02525 2.9209400000 0.1736200000 0 P 10
L 2.84594 0.0252400000 2.84594 0.15928 0 P 10
L 2.83094 0.0252400000 2.83094 0.1337300000 0 P 10
L 2.8159400000 0.0252400000 2.8159400000 0.1238600000 0 P 10
L 2.7709400000 0.0252400000 2.7709400000 0.12534 0 P 10
L 2.80094 0.0252400000 2.80094 0.11984 0 P 10
L 2.78594 0.0252400000 2.78594 0.1202900000 0 P 10
L 2.7109400000 0.0252300000 2.7109400000 0.4568500000 0 P 10
L 2.6959400000 0.0252300000 2.6959400000 0.4618100000 0 P 10
L 2.68094 0.0252300000 2.68094 0.46006 0 P 10
L 2.74094 0.0252300000 2.74094 0.44278 0 P 10
L 2.72594 0.0252300000 2.72594 0.44278 0 P 10
L 2.63594 0.0252300000 2.63594 0.53185 0 P 10
L 2.62094 0.0252200000 2.62094 0.5317400000 0 P 10
L 2.6059400000 0.0252200000 2.6059400000 0.51931 0 P 10
L 2.6659400000 0.0252300000 2.6659400000 0.46648 0 P 10
L 2.6509400000 0.0252300000 2.6509400000 0.51685 0 P 10
L 2.57594 0.0252200000 2.57594 0.5192800000 0 P 10
L 2.5609400000 0.0252200000 2.5609400000 0.5192800000 0 P 10
L 2.5459400000 0.0252200000 2.5459400000 0.5192800000 0 P 10
L 2.5909400000 0.0252200000 2.5909400000 0.51756 0 P 10
L 2.53094 0.0252200000 2.53094 0.5192800000 0 P 10
L 2.51594 0.0252100000 2.51594 0.5192800000 0 P 10
L 2.5009400000 0.0252100000 2.5009400000 0.51092 0 P 10
L 2.4859400000 0.0252100000 2.4859400000 0.49592 0 P 10
L 2.47094 0.0252100000 2.47094 0.48092 0 P 10
L 2.2909400000 0.0252 2.2909400000 0.69528 0 P 10
L 2.2759400000 0.0252 2.2759400000 0.69528 0 P 10
L 2.26094 0.02519 2.26094 0.69528 0 P 10
L 2.45594 0.0252100000 2.45594 0.46592 0 P 10
L 2.4409400000 0.0252100000 2.4409400000 0.4509200000 0 P 10
L 2.14094 0.1707000000 2.14094 0.69528 0 P 10
L 2.24594 0.02519 2.24594 0.69528 0 P 10
L 2.05094 0.17383 2.05094 0.69528 0 P 10
L 2.1300000000 0.1844100000 2.1300000000 0.4702800000 0 P 10
L 2.06 0.1844100000 2.06 0.4702800000 0 P 10
L 2.2309400000 0.02519 2.2309400000 0.69528 0 P 10
L 2.2159400000 0.02519 2.2159400000 0.69528 0 P 10
L 2.20094 0.02519 2.20094 0.69528 0 P 10
L 2.1859400000 0.02519 2.1859400000 0.69528 0 P 10
L 2.1709400000 0.02519 2.1709400000 0.69528 0 P 10
L 2.15594 0.02518 2.15594 0.69528 0 P 10
L 2.03594 0.02517 2.03594 0.69528 0 P 10
L 2.0209400000 0.02517 2.0209400000 0.69528 0 P 10
L 2.0059400000 0.02517 2.0059400000 0.69528 0 P 10
L 2.1300000000 0.225 2.7693700000 0.225 0 P 10
L 2.7559400000 0.2070800000 2.7559400000 0.2362800000 0 P 10
L 2.1300000000 0.2100000000 2.75877 0.2100000000 0 P 10
L 2.7559400000 0.0252400000 2.7559400000 0.1369200000 0 P 10
L 2.1464800000 0.135 2.75775 0.135 0 P 10
L 2.13438 0.1800000000 2.74311 0.1800000000 0 P 10
L 2.42594 0.0252100000 2.42594 0.4359200000 0 P 10
L 2.1300000000 0.195 2.7478100000 0.195 0 P 10
L 2.1472900000 0.1500000000 2.7473300000 0.1500000000 0 P 10
L 2.14366 0.165 2.74297 0.165 0 P 10
L 2.41094 0.0252100000 2.41094 0.42092 0 P 10
L 2.3959400000 0.0252 2.3959400000 0.40592 0 P 10
L 2.3809400000 0.0252 2.3809400000 0.3909200000 0 P 10
L 2.36594 0.0252 2.36594 0.3759200000 0 P 10
L 2.35094 0.0252 2.35094 0.3542400000 0 P 10
L 2.3359400000 0.0252 2.3359400000 0.34181 0 P 10
L 2.30594 0.0252 2.30594 0.34648 0 P 10
L 2.3209400000 0.0252 2.3209400000 0.3400600000 0 P 10
L 2.14094 0.02518 2.14094 0.11987 0 P 10
L 2.1259400000 0.02518 2.1259400000 0.10287 0 P 10
L 2.1109400000 0.02518 2.1109400000 0.0952600000 0 P 10
L 2.09594 0.02518 2.09594 0.0927900000 0 P 10
L 2.05094 0.02517 2.05094 0.1167400000 0 P 10
L 1.9909400000 0.02517 1.9909400000 0.2816200000 0 P 10
L 1.97594 0.02517 1.97594 0.271 0 P 10
L 2.08094 0.02518 2.08094 0.0947 0 P 10
L 2.0659400000 0.02518 2.0659400000 0.1015600000 0 P 10
L 1.9609400000 0.02517 1.9609400000 0.27028 0 P 10
L 1.94594 0.02517 1.94594 0.27028 0 P 10
L 1.93094 0.02517 1.93094 0.27028 0 P 10
L 1.9159400000 0.0251600000 1.9159400000 0.27028 0 P 10
L 1.90094 0.0251600000 1.90094 0.27028 0 P 10
L 1.8859400000 0.0251600000 1.8859400000 0.27028 0 P 10
L 1.87094 0.0251600000 1.87094 0.27028 0 P 10
L 1.8559400000 0.0251600000 1.8559400000 0.27028 0 P 10
L 1.84094 0.0251600000 1.84094 0.27028 0 P 10
L 1.5050000000 0.69528 2.43 0.69528 0 P 10
L 1.8259400000 0.57028 1.8259400000 0.69528 0 P 10
L 0.87536 1.7052800000 0.9400000000 1.7052800000 0 P 10
L 1.8109400000 0.57028 1.8109400000 0.69528 0 P 10
L 1.79594 0.57028 1.79594 0.69528 0 P 10
L 0.9400000000 1.4952800000 0.9400000000 1.7052800000 0 P 10
L 0.9259400000 1.4812200000 0.9259400000 1.7052800000 0 P 10
L 0.9109400000 1.46622 0.9109400000 1.7052800000 0 P 10
L 0.8959400000 1.4512200000 0.8959400000 1.7052800000 0 P 10
L 0.895 1.45028 0.9400000000 1.4952800000 0 P 10
L 1.7809400000 0.57028 1.7809400000 0.69528 0 P 10
L 1.76594 0.57028 1.76594 0.69528 0 P 10
L 1.7509400000 0.57028 1.7509400000 0.69528 0 P 10
L 1.73594 0.57028 1.73594 0.69528 0 P 10
L 1.7209400000 0.57028 1.7209400000 0.69528 0 P 10
L 1.70594 0.57028 1.70594 0.69528 0 P 10
L 1.69094 0.57028 1.69094 0.69528 0 P 10
L 1.6759400000 0.57028 1.6759400000 0.69528 0 P 10
L 1.66094 0.57028 1.66094 0.69528 0 P 10
L 0.86507 1.695 0.9400000000 1.695 0 P 10
L 0.8500700000 1.6800000000 0.9400000000 1.6800000000 0 P 10
L 0.8346100000 1.665 0.9400000000 1.665 0 P 10
L 0.545 1.6500000000 0.9400000000 1.6500000000 0 P 10
L 0.545 1.635 0.9400000000 1.635 0 P 10
L 0.545 1.62 0.9400000000 1.62 0 P 10
L 0.545 1.6050000000 0.9400000000 1.6050000000 0 P 10
L 0.545 1.59 0.9400000000 1.59 0 P 10
L 0.545 1.5750000000 0.9400000000 1.5750000000 0 P 10
L 0.545 1.56 0.9400000000 1.56 0 P 10
L 0.5653800000 1.53 0.9400000000 1.53 0 P 10
L 0.58021 1.5150000000 0.9400000000 1.5150000000 0 P 10
L 0.545 1.5450000000 0.9400000000 1.5450000000 0 P 10
L 0.5935400000 1.485 0.9297200000 1.485 0 P 10
L 0.58886 1.5 0.9400000000 1.5 0 P 10
L 0.5950000000 1.4700000000 0.9147200000 1.4700000000 0 P 10
L 0.5950000000 1.455 0.8997200000 1.455 0 P 10
L 0.5950000000 1.4400000000 0.895 1.4400000000 0 P 10
L 0.5950000000 1.425 0.895 1.425 0 P 10
L 1.4997200000 0.6900000000 2.43528 0.6900000000 0 P 10
L 1.48472 0.675 2.4502800000 0.675 0 P 10
L 1.4697200000 0.66 2.4652800000 0.66 0 P 10
L 1.7200000000 0.57028 1.8450000000 0.57028 0 P 10
L 1.7200000000 0.57028 1.8450000000 0.57028 0 P 10
L 1.6459400000 0.57028 1.6459400000 0.69528 0 P 10
L 1.63094 0.57028 1.63094 0.69528 0 P 10
L 1.6159400000 0.57028 1.6159400000 0.69528 0 P 10
L 1.60094 0.57028 1.60094 0.69528 0 P 10
L 1.5950000000 0.57028 1.7200000000 0.57028 0 P 10
L 1.5859400000 0.57028 1.5859400000 0.69528 0 P 10
L 1.57094 0.57028 1.57094 0.69528 0 P 10
L 1.55594 0.57028 1.55594 0.69528 0 P 10
L 1.5950000000 0.57028 1.7200000000 0.57028 0 P 10
L 1.5409400000 0.57028 1.5409400000 0.69528 0 P 10
L 1.52594 0.57028 1.52594 0.69528 0 P 10
L 1.5109400000 0.57028 1.5109400000 0.69528 0 P 10
L 1.49594 0.57028 1.49594 0.68622 0 P 10
L 1.4809400000 0.57028 1.4809400000 0.67122 0 P 10
L 1.45472 0.645 2.48028 0.645 0 P 10
L 1.43972 0.63 2.49528 0.63 0 P 10
L 1.4247200000 0.6150000000 2.5102800000 0.6150000000 0 P 10
L 1.4200000000 0.6000000000 2.515 0.6000000000 0 P 10
L 1.4200000000 0.5850000000 2.515 0.5850000000 0 P 10
L 1.4700000000 0.57028 1.5950000000 0.57028 0 P 10
L 1.46594 0.5699500000 1.46594 0.65622 0 P 10
L 1.4200000000 0.61028 1.5050000000 0.69528 0 P 10
L 1.4700000000 0.57028 1.5950000000 0.57028 0 P 10
L 1.4200000000 0.5700000000 1.4662400000 0.5700000000 0 P 10
L 1.4509400000 0.5614600000 1.4509400000 0.64122 0 P 10
L 1.4200000000 0.555 1.44696 0.555 0 P 10
L 1.4200000000 0.54 1.445 0.54 0 P 10
L 1.4200000000 0.525 1.445 0.525 0 P 10
L 0.5950000000 0.525 0.9102800000 0.525 0 P 10
L 0.8376800000 1.66761 0.87536 1.7052800000 0 P 10
L 0.5950000000 1.4100000000 0.895 1.4100000000 0 P 10
L 0.5950000000 1.395 0.895 1.395 0 P 10
L 0.5950000000 1.3800000000 0.895 1.3800000000 0 P 10
L 0.5950000000 1.3650000000 0.895 1.3650000000 0 P 10
L 0.6200000000 1.6602800000 0.8200000000 1.6602800000 0 P 10
L 0.5950000000 1.35 0.895 1.35 0 P 10
L 0.5950000000 1.3350000000 0.895 1.3350000000 0 P 10
L 0.5950000000 1.32 0.895 1.32 0 P 10
L 0.5950000000 1.3050000000 0.895 1.3050000000 0 P 10
L 0.5950000000 1.29 0.895 1.29 0 P 10
L 0.895 0.5402800000 0.895 1.45028 0 P 10
L 0.5950000000 1.2750000000 0.895 1.2750000000 0 P 10
L 0.5950000000 1.26 0.895 1.26 0 P 10
L 0.5950000000 1.245 0.895 1.245 0 P 10
L 0.5646500000 1.7052800000 0.6023200000 1.66761 0 P 10
L 0.58094 1.51401 0.58094 1.6889900000 0 P 10
L 0.545 1.6800000000 0.5899300000 1.6800000000 0 P 10
L 0.545 1.665 0.6053900000 1.665 0 P 10
L 0.545 1.70527 0.5646500000 1.7052800000 0 P 10
L 0.5509400000 1.53861 0.5509400000 1.70527 0 P 10
L 0.545 1.5410000000 0.545 1.70527 0 P 10
L 0.5659400000 1.52957 0.5659400000 1.7039900000 0 P 10
L 0.545 1.695 0.57493 1.695 0 P 10
L 0.5950000000 1.2300000000 0.895 1.2300000000 0 P 10
L 0.5950000000 1.215 0.895 1.215 0 P 10
L 0.5950000000 1.2000000000 0.895 1.2000000000 0 P 10
L 0.5950000000 1.185 0.895 1.185 0 P 10
L 0.5950000000 1.1700000000 0.895 1.1700000000 0 P 10
L 0.5950000000 1.155 0.895 1.155 0 P 10
L 0.5950000000 1.1400000000 0.895 1.1400000000 0 P 10
L 0.5950000000 1.125 0.895 1.125 0 P 10
L 0.5950000000 1.11 0.895 1.11 0 P 10
L 0.5950000000 1.0950000000 0.895 1.0950000000 0 P 10
L 0.5950000000 1.08 0.895 1.08 0 P 10
L 0.5950000000 1.0650000000 0.895 1.0650000000 0 P 10
L 0.5950000000 1.05 0.895 1.05 0 P 10
L 0.5950000000 1.0350000000 0.895 1.0350000000 0 P 10
L 0.5950000000 1.02 0.895 1.02 0 P 10
L 0.5950000000 1.0050000000 0.895 1.0050000000 0 P 10
L 0.5950000000 0.9900000000 0.895 0.9900000000 0 P 10
L 0.5950000000 0.9750000000 0.895 0.9750000000 0 P 10
L 0.5950000000 0.9600000000 0.895 0.9600000000 0 P 10
L 0.5950000000 0.9450000000 0.895 0.9450000000 0 P 10
L 0.5950000000 0.93 0.895 0.93 0 P 10
L 0.5950000000 0.915 0.895 0.915 0 P 10
L 0.5950000000 0.9 0.895 0.9 0 P 10
L 0.5950000000 0.885 0.895 0.885 0 P 10
L 0.5950000000 0.8700000000 0.895 0.8700000000 0 P 10
L 0.5950000000 0.8550000000 0.895 0.8550000000 0 P 10
L 0.5950000000 0.8400000000 0.895 0.8400000000 0 P 10
L 0.5950000000 0.8250000000 0.895 0.8250000000 0 P 10
L 0.5950000000 0.81 0.895 0.81 0 P 10
L 0.5950000000 0.795 0.895 0.795 0 P 10
L 0.5950000000 0.78 0.895 0.78 0 P 10
L 0.5950000000 0.765 0.895 0.765 0 P 10
L 0.5950000000 0.75 0.895 0.75 0 P 10
L 0.5950000000 0.7350000000 0.895 0.7350000000 0 P 10
L 0.5950000000 0.7200000000 0.895 0.7200000000 0 P 10
L 0.5950000000 0.7050000000 0.895 0.7050000000 0 P 10
L 0.5950000000 0.6900000000 0.895 0.6900000000 0 P 10
L 0.5950000000 0.675 0.895 0.675 0 P 10
L 0.5950000000 0.66 0.895 0.66 0 P 10
L 0.5950000000 0.645 0.895 0.645 0 P 10
L 0.5950000000 0.63 0.895 0.63 0 P 10
L 0.5950000000 0.6150000000 0.895 0.6150000000 0 P 10
L 0.5950000000 0.6000000000 0.895 0.6000000000 0 P 10
L 0.5950000000 0.5850000000 0.895 0.5850000000 0 P 10
L 0.5950000000 0.5700000000 0.895 0.5700000000 0 P 10
L 0.5950000000 0.555 0.895 0.555 0 P 10
L 0.5950000000 0.54 0.8952800000 0.54 0 P 10
L 1.445 0.5202800000 1.445 0.5452800000 0 P 10
L 1.7200000000 0.27028 1.8450000000 0.27028 0 P 10
L 1.7200000000 0.27028 1.8450000000 0.27028 0 P 10
L 1.445 0.5202800000 1.445 0.5452800000 0 P 10
L 1.445 0.4202800000 1.445 0.5202800000 0 P 10
L 1.445 0.4202800000 1.445 0.5202800000 0 P 10
L 1.445 0.2952800000 1.445 0.4202800000 0 P 10
L 1.445 0.2952800000 1.445 0.4202800000 0 P 10
L 1.8259400000 0.0251600000 1.8259400000 0.27028 0 P 10
L 1.8109400000 0.0251600000 1.8109400000 0.27028 0 P 10
L 1.79594 0.0251500000 1.79594 0.27028 0 P 10
L 1.7809400000 0.0251500000 1.7809400000 0.27028 0 P 10
L 1.76594 0.0251500000 1.76594 0.27028 0 P 10
L 1.46594 0.0251300000 1.46594 0.27062 0 P 10
L 1.4509400000 0.0251200000 1.4509400000 0.27911 0 P 10
L 1.7509400000 0.0251500000 1.7509400000 0.27028 0 P 10
L 1.73594 0.0251500000 1.73594 0.27028 0 P 10
L 1.4200000000 0.51 1.445 0.51 0 P 10
L 1.4200000000 0.4950000000 1.445 0.4950000000 0 P 10
L 1.4200000000 0.4800000000 1.445 0.4800000000 0 P 10
L 1.4200000000 0.465 1.445 0.465 0 P 10
L 1.4200000000 0.45 1.445 0.45 0 P 10
L 1.4200000000 0.4350000000 1.445 0.4350000000 0 P 10
L 1.4200000000 0.4200000000 1.445 0.4200000000 0 P 10
L 1.4200000000 0.405 1.445 0.405 0 P 10
L 1.41972 0.39 1.445 0.39 0 P 10
L 0.5950000000 0.375 1.445 0.375 0 P 10
L 0.5950000000 0.3600000000 1.445 0.3600000000 0 P 10
L 0.5950000000 0.2850000000 1.44721 0.2850000000 0 P 10
L 0.5950000000 0.27 2.06 0.27 0 P 10
L 0.5950000000 0.3450000000 1.445 0.3450000000 0 P 10
L 0.5950000000 0.33 1.445 0.33 0 P 10
L 0.5950000000 0.315 1.445 0.315 0 P 10
L 0.5950000000 0.3000000000 1.445 0.3000000000 0 P 10
L 1.5950000000 0.27028 1.7200000000 0.27028 0 P 10
L 1.7209400000 0.0251500000 1.7209400000 0.27028 0 P 10
L 1.5950000000 0.27028 1.7200000000 0.27028 0 P 10
L 1.70594 0.0251500000 1.70594 0.27028 0 P 10
L 1.69094 0.0251400000 1.69094 0.27028 0 P 10
L 1.6759400000 0.0251400000 1.6759400000 0.27028 0 P 10
L 1.66094 0.0251400000 1.66094 0.27028 0 P 10
L 1.6459400000 0.0251400000 1.6459400000 0.27028 0 P 10
L 1.63094 0.0251400000 1.63094 0.27028 0 P 10
L 1.6159400000 0.0251400000 1.6159400000 0.27028 0 P 10
L 1.60094 0.0251400000 1.60094 0.27028 0 P 10
L 1.5859400000 0.0251400000 1.5859400000 0.27028 0 P 10
L 1.57094 0.0251300000 1.57094 0.27028 0 P 10
L 1.55594 0.0251300000 1.55594 0.27028 0 P 10
L 1.5409400000 0.0251300000 1.5409400000 0.27028 0 P 10
L 1.52594 0.0251300000 1.52594 0.27028 0 P 10
L 1.5109400000 0.0251300000 1.5109400000 0.27028 0 P 10
L 1.49594 0.0251300000 1.49594 0.27028 0 P 10
L 1.4809400000 0.0251300000 1.4809400000 0.27028 0 P 10
L 0.5950000000 0.255 2.06 0.255 0 P 10
L 0.5948100000 0.2400000000 2.06 0.2400000000 0 P 10
L 0.5922000000 0.225 2.06 0.225 0 P 10
L 0.58618 0.2100000000 2.06 0.2100000000 0 P 10
L 0.5756500000 0.195 2.06 0.195 0 P 10
L 1.4700000000 0.27028 1.5950000000 0.27028 0 P 10
L 1.4700000000 0.27028 1.5950000000 0.27028 0 P 10
L 0.5569200000 0.1800000000 2.0556200000 0.1800000000 0 P 10
L 0.545 0.165 2.0463400000 0.165 0 P 10
L 0.545 0.1500000000 2.04271 0.1500000000 0 P 10
L 0.545 0.0750000000 3.1965100000 0.0750000000 0 P 10
L 0.545 0.0600000000 3.2950000000 0.0600000000 0 P 10
L 0.545 0.0450000000 3.2950000000 0.0450000000 0 P 10
L 0.545 0.0300000000 3.2950000000 0.0300000000 0 P 10
L 0.545 0.0250500000 3.2950000000 0.02528 0 P 10
L 0.545 0.135 2.04352 0.135 0 P 10
L 0.545 0.1200000000 2.0489900000 0.1200000000 0 P 10
L 0.545 0.1050000000 2.0613300000 0.1050000000 0 P 10
L 0.545 0.0900000000 3.16901 0.0900000000 0 P 10
L 1.4359400000 0.0251200000 1.4359400000 0.6262200000 0 P 10
L 1.42094 0.0251200000 1.42094 0.6112200000 0 P 10
L 1.4200000000 0.39028 1.4200000000 0.61028 0 P 10
L 0.98594 0.02508 0.98594 0.44935 0 P 10
L 0.895 0.5402800000 1.06 0.37528 0 P 10
L 0.9409400000 0.02508 0.9409400000 0.49435 0 P 10
L 0.9259400000 0.02508 0.9259400000 0.5093500000 0 P 10
L 0.9109400000 0.02508 0.9109400000 0.5243500000 0 P 10
L 0.97094 0.02508 0.97094 0.4643500000 0 P 10
L 0.95594 0.02508 0.95594 0.4793500000 0 P 10
L 0.8809400000 0.0250700000 0.8809400000 1.7052800000 0 P 10
L 0.86594 0.0250700000 0.86594 1.6958700000 0 P 10
L 0.85094 0.0250700000 0.85094 1.68087 0 P 10
L 0.8959400000 0.02508 0.8959400000 0.5393500000 0 P 10
L 0.83594 0.0250700000 0.83594 1.66602 0 P 10
L 0.82094 0.0250700000 0.82094 1.6603 0 P 10
L 0.8059400000 0.0250700000 0.8059400000 1.6602800000 0 P 10
L 0.7909400000 0.0250700000 0.7909400000 1.6602800000 0 P 10
L 0.7759400000 0.0250700000 0.7759400000 1.6602800000 0 P 10
L 0.5950000000 0.4950000000 0.94028 0.4950000000 0 P 10
L 0.5950000000 0.4800000000 0.95528 0.4800000000 0 P 10
L 0.5950000000 0.465 0.97028 0.465 0 P 10
L 0.5950000000 0.45 0.98528 0.45 0 P 10
L 0.5950000000 0.4350000000 1.00028 0.4350000000 0 P 10
L 0.7609400000 0.0250600000 0.7609400000 1.6602800000 0 P 10
L 0.74594 0.0250600000 0.74594 1.6602800000 0 P 10
L 0.73094 0.0250600000 0.73094 1.6602800000 0 P 10
L 0.5950000000 0.2452800000 0.5950000000 1.47028 0 P 10
L 0.5950000000 0.51 0.9252800000 0.51 0 P 10
L 0.71594 0.0250600000 0.71594 1.6602800000 0 P 10
L 0.70094 0.0250600000 0.70094 1.6602800000 0 P 10
L 0.6859400000 0.0250600000 0.6859400000 1.6602800000 0 P 10
L 0.6709400000 0.0250600000 0.6709400000 1.6602800000 0 P 10
L 0.6559400000 0.0250600000 0.6559400000 1.6602800000 0 P 10
L 0.6409400000 0.0250600000 0.6409400000 1.6602800000 0 P 10
L 0.59594 0.0250500000 0.59594 1.67399 0 P 10
L 0.62594 0.0250500000 0.62594 1.6602800000 0 P 10
L 0.61094 0.0250500000 0.61094 1.66199 0 P 10
L 1.405 0.37528 1.4200000000 0.39028 0 P 10
L 1.4059400000 0.0251200000 1.4059400000 0.3762200000 0 P 10
L 1.39094 0.0251200000 1.39094 0.37528 0 P 10
L 1.3759400000 0.0251200000 1.3759400000 0.37528 0 P 10
L 1.36094 0.0251200000 1.36094 0.37528 0 P 10
L 1.3459400000 0.0251200000 1.3459400000 0.37528 0 P 10
L 1.33094 0.02511 1.33094 0.37528 0 P 10
L 1.31594 0.02511 1.31594 0.37528 0 P 10
L 1.3009400000 0.02511 1.3009400000 0.37528 0 P 10
L 1.28594 0.02511 1.28594 0.37528 0 P 10
L 1.2709400000 0.02511 1.2709400000 0.37528 0 P 10
L 1.25594 0.02511 1.25594 0.37528 0 P 10
L 1.2409400000 0.02511 1.2409400000 0.37528 0 P 10
L 1.22594 0.0251 1.22594 0.37528 0 P 10
L 1.2109400000 0.0251 1.2109400000 0.37528 0 P 10
L 1.19594 0.0251 1.19594 0.37528 0 P 10
L 1.18094 0.0251 1.18094 0.37528 0 P 10
L 1.1659400000 0.0251 1.1659400000 0.37528 0 P 10
L 1.15094 0.0251 1.15094 0.37528 0 P 10
L 1.1359400000 0.0251 1.1359400000 0.37528 0 P 10
L 1.12094 0.0251 1.12094 0.37528 0 P 10
L 1.06 0.37528 1.405 0.37528 0 P 10
L 1.1059400000 0.0251 1.1059400000 0.37528 0 P 10
L 1.09094 0.02509 1.09094 0.37528 0 P 10
L 0.5950000000 0.4200000000 1.0152800000 0.4200000000 0 P 10
L 0.5950000000 0.405 1.03028 0.405 0 P 10
L 0.5950000000 0.39 1.0452800000 0.39 0 P 10
L 1.0759400000 0.02509 1.0759400000 0.37528 0 P 10
L 1.0309400000 0.02509 1.0309400000 0.4043500000 0 P 10
L 1.01594 0.02509 1.01594 0.41935 0 P 10
L 1.0009400000 0.02509 1.0009400000 0.43435 0 P 10
L 1.0609400000 0.02509 1.0609400000 0.37528 0 P 10
L 1.04594 0.02509 1.04594 0.3893500000 0 P 10
L 0.58094 0.0250500000 0.58094 0.2015600000 0 P 10
L 0.5659400000 0.0250500000 0.5659400000 0.1860000000 0 P 10
L 0.5509400000 0.0250500000 0.5509400000 0.17696 0 P 10
L 0.545 0.0250500000 0.545 0.17457 0 P 10
L 2.9000000000 0.32028 2.9450000000 0.32028 1 P 11
L 2.62 0.652 2.62 0.6970000000 1 P 11
L 2.62 0.652 2.665 0.652 1 P 11
L 2.575 0.652 2.62 0.652 1 P 11
L 2.62 0.6070000000 2.62 0.652 1 P 11
L 3.2460000000 0.27528 3.2460000000 0.32028 1 P 11
L 3.1460000000 0.27528 3.1460000000 0.32028 1 P 11
L 2.7950000000 0.1720000000 2.8400000000 0.1720000000 1 P 11
L 2.75 0.1720000000 2.7950000000 0.1720000000 1 P 11
L 2.7950000000 0.127 2.7950000000 0.1720000000 1 P 11
L 1.7100000000 1.64528 2.845 1.64528 2 P 12
L 2.875 1.67528 3.165 1.67528 2 P 12
L 3.165 1.67528 3.1950000000 1.64528 2 P 12
L 2.845 1.64528 2.875 1.67528 2 P 12
L 2.895 1.5702800000 2.995 1.5702800000 2 P 12
L 1.935 1.58528 2.8800000000 1.58528 2 P 12
L 2.8800000000 1.58528 2.895 1.5702800000 2 P 12
L 2.895 1.6202800000 2.97 1.6202800000 2 P 12
L 1.485 1.60528 2.8800000000 1.60528 2 P 12
L 2.8800000000 1.60528 2.895 1.6202800000 2 P 12
L 1.85 1.62528 2.85 1.62528 2 P 12
L 2.8850000000 1.6602800000 3.0050000000 1.6602800000 2 P 12
L 2.85 1.62528 2.8850000000 1.6602800000 2 P 12
L 3.0050000000 1.6602800000 3.0450000000 1.6202800000 2 P 12
L 3.1950000000 1.56928 3.1950000000 1.64528 2 P 12
L 2.9450000000 1.4202800000 2.97 1.4202800000 2 P 12
L 3.096 1.5702800000 3.1460000000 1.6202800000 2 P 12
L 3.02 1.5702800000 3.096 1.5702800000 2 P 12
L 2.97 1.6202800000 3.02 1.5702800000 2 P 12
L 3.1460000000 1.52028 3.1950000000 1.56928 2 P 12
L 1.4708800000 1.19941 1.57 1.1002800000 2 P 12
L 1.4474300000 1.2228500000 1.4708800000 1.19941 2 P 12
L 1.32 1.2228500000 1.4474300000 1.2228500000 2 P 12
L 1.5143000000 1.3645800000 1.52 1.3702800000 2 P 12
L 1.32 1.3645800000 1.5143000000 1.3645800000 2 P 12
L 1.5093200000 1.3409600000 1.52 1.3302800000 2 P 12
L 1.3550000000 1.3409600000 1.5093200000 1.3409600000 2 P 12
L 1.356 1.2937200000 1.51157 1.2937200000 2 P 12
L 1.51157 1.2937200000 1.57 1.2352800000 2 P 12
L 1.32 1.2700900000 1.48519 1.2700900000 2 P 12
L 1.48519 1.2700900000 1.57 1.1852800000 2 P 12
L 1.356 1.2464700000 1.4688100000 1.2464700000 2 P 12
L 1.4688100000 1.2464700000 1.57 1.14528 2 P 12
L 2.995 1.5702800000 3.0450000000 1.52028 2 P 12
L 2.97 1.47028 3.02 1.4202800000 2 P 12
L 3.02 1.4202800000 3.0450000000 1.4202800000 2 P 12
L 2.2705100000 1.26028 2.2727600000 1.25804 2 P 12
L 2.995 1.3702800000 3.0450000000 1.3202800000 2 P 12
L 2.87 1.3702800000 2.995 1.3702800000 2 P 12
L 2.87 1.4202800000 2.9450000000 1.4202800000 2 P 12
L 2.87 1.47028 2.97 1.47028 2 P 12
L 2.87 1.52028 2.9450000000 1.52028 2 P 12
L 2.845 1.5452800000 2.87 1.52028 2 P 12
L 2.81 1.53028 2.87 1.47028 2 P 12
L 2.7750000000 1.5152800000 2.87 1.4202800000 2 P 12
L 2.74 1.50028 2.87 1.3702800000 2 P 12
L 1.485 1.4952800000 1.5350000000 1.5452800000 2 P 12
L 1.5350000000 1.5452800000 2.845 1.5452800000 2 P 12
L 1.55 1.53028 2.81 1.53028 2 P 12
L 1.5650000000 1.5152800000 2.7750000000 1.5152800000 2 P 12
L 1.58 1.50028 2.74 1.50028 2 P 12
L 2.0477600000 1.39253 2.0477600000 1.47076 2 P 12
L 2.07925 1.3510300000 2.07925 1.4545400000 2 P 12
L 2.1107500000 1.3110300000 2.1107500000 1.46825 2 P 12
L 2.14224 1.28804 2.14224 1.45324 2 P 12
L 2.273 1.25828 2.273 1.4680000000 2 P 12
L 2.30425 1.20954 2.30425 1.4532500000 2 P 12
L 2.3357500000 1.1660300000 2.3357500000 1.4680900000 2 P 12
L 2.3672400000 1.12253 2.3672400000 1.45324 2 P 12
L 1.3550000000 1.44628 1.4660000000 1.44628 2 P 12
L 1.4660000000 1.44628 1.55 1.53028 2 P 12
L 1.3210000000 1.4352800000 1.3310000000 1.42528 2 P 12
L 1.3310000000 1.42528 1.475 1.42528 2 P 12
L 1.475 1.42528 1.5650000000 1.5152800000 2 P 12
L 1.3550000000 1.3882100000 1.4679200000 1.3882100000 2 P 12
L 1.4679200000 1.3882100000 1.58 1.50028 2 P 12
L 3.2839400000 1.22028 3.2950000000 1.2313500000 3 P 13
L 2.84823 1.71028 3.2950000000 1.71028 3 P 13
L 2.84323 1.7052800000 2.84823 1.71028 3 P 13
L 2.325 0.3702800000 2.325 0.37528 3 P 13
L 2.325 0.37528 2.4975 0.54778 3 P 13
L 2.4975 0.54778 2.595 0.54778 3 P 13
L 1.61 1.0702800000 1.61 1.48028 3 P 13
L 3.2950000000 1.2313500000 3.2950000000 1.71028 4 P 14
L 3.0450000000 0.4202800000 3.145 0.5202800000 4 P 14
L 3.145 0.5202800000 3.2460000000 0.5202800000 4 P 14
L 3.1460000000 0.5202800000 3.1500000000 0.5242800000 5 P 15
L 2.0940000000 0.1462800000 2.095 0.1452800000 5 P 15
L 2.095 0.1452800000 2.095 0.4702800000 5 P 15
L 1.5950000000 0.2952800000 1.5950000000 0.5452800000 6 P 16
L 1.7200000000 0.2952800000 1.7200000000 0.5452800000 6 P 16
L 1.8450000000 0.5202800000 1.8450000000 0.5452800000 6 P 16
L 1.9700000000 0.5202800000 1.9700000000 0.5452800000 6 P 16
L 1.9700000000 0.5302800000 1.9700000000 0.5452800000 6 P 16
L 1.4700000000 0.5452800000 1.9700000000 0.5452800000 6 P 16
L 1.4700000000 0.5202800000 1.4700000000 0.5452800000 6 P 16
L 1.4700000000 0.4202800000 1.9700000000 0.4202800000 6 P 16
L 1.8450000000 0.2952800000 1.8450000000 0.5202800000 6 P 16
L 1.4700000000 0.2952800000 1.4700000000 0.5202800000 6 P 16
L 1.9700000000 0.2952800000 1.9700000000 0.5202800000 6 P 16
L 1.8450000000 0.2952800000 1.9700000000 0.2952800000 6 P 16
L 2.9450000000 0.22028 2.9858100000 0.2610900000 6 P 16
L 2.915 0.4902800000 2.9450000000 0.5202800000 6 P 16
L 2.685 0.4902800000 2.915 0.4902800000 6 P 16
L 1.4700000000 0.2952800000 1.8450000000 0.2952800000 6 P 16
L 3.02 1.27028 3.096 1.27028 6 P 16
L 3.096 1.27028 3.1460000000 1.3202800000 6 P 16
L 2.9858100000 1.2360900000 3.02 1.27028 6 P 16
L 2.9858100000 0.2610900000 2.9858100000 1.2360900000 6 P 16
L 3 0.26528 3.0450000000 0.22028 6 P 16
L 3 0.26528 3 1.1502800000 6 P 16
L 3 1.1502800000 3.02 1.1702800000 6 P 16
L 3.02 1.1702800000 3.0700000000 1.1702800000 6 P 16
L 3.1950000000 1.2952800000 3.1950000000 1.4712800000 6 P 16
L 3.1460000000 1.52028 3.1950000000 1.4712800000 6 P 16
L 3.0700000000 1.1702800000 3.1950000000 1.2952800000 6 P 16
L 1.5250000000 1.02028 1.5865 1.0817800000 6 P 16
L 1.465 1.02028 1.5250000000 1.02028 6 P 16
L 1.5865 1.0817800000 1.5865 1.4102800000 6 P 16
L 0.4700000000 0.2452800000 0.4700000000 0.2452800000 6 P 16
A 0.4700000000 0.2452800000 0.5700000000 0.2452800000 0.52 0.2452800000 6 P 16 N
L 0.5700000000 1.47028 0.5700000000 1.47028 6 P 16
A 0.5700000000 1.47028 0.4700000000 1.47028 0.52 1.47028 6 P 16 N
L 0.6200000000 1.6852800000 0.8200000000 1.6852800000 6 P 16
L 0.8200000000 1.6852800000 0.8650000000 1.73028 6 P 16
L 0.8650000000 1.73028 3.3200000000 1.73028 6 P 16
L 0.5750000000 1.73028 0.6200000000 1.6852800000 6 P 16
L 0 0 3.3155 0 6 P 16
L 0 0 0 1.7300000000 6 P 16
L 0.5700000000 0.2452800000 0.5700000000 1.47028 6 P 16
L 0.4700000000 0.2452800000 0.4700000000 1.47028 6 P 16
L 3.3200000000 0.0002800000 3.3200000000 1.73028 6 P 16
L 3.3155 0 3.3200000000 0.0002800000 6 P 16
L 0 1.7300000000 0.5750000000 1.73028 6 P 16
L 1.645 0.49575 1.6497600000 0.49813 7 P 17
L 1.6497600000 0.49813 1.6569 0.5052700000 7 P 17
L 1.6569 0.5052700000 1.6569 0.45528 7 P 17
L 1.6707100000 0.3733700000 1.66833 0.37813 7 P 17
L 1.66833 0.37813 1.6635700000 0.38289 7 P 17
L 1.6635700000 0.38289 1.6588 0.38527 7 P 17
L 1.6588 0.38527 1.64928 0.38527 7 P 17
L 1.64928 0.38527 1.6445200000 0.38289 7 P 17
L 1.6445200000 0.38289 1.63976 0.37813 7 P 17
L 1.63976 0.37813 1.63738 0.3733700000 7 P 17
L 1.63738 0.3733700000 1.635 0.3662300000 7 P 17
L 1.635 0.3662300000 1.635 0.3543300000 7 P 17
L 1.635 0.3543300000 1.63738 0.3471900000 7 P 17
L 1.63738 0.3471900000 1.63976 0.34242 7 P 17
L 1.63976 0.34242 1.6445200000 0.33766 7 P 17
L 1.6445200000 0.33766 1.64928 0.33528 7 P 17
L 1.64928 0.33528 1.6588 0.33528 7 P 17
L 1.6588 0.33528 1.6635700000 0.33766 7 P 17
L 1.6635700000 0.33766 1.66833 0.34242 7 P 17
L 1.66833 0.34242 1.6707100000 0.3471900000 7 P 17
P 2.62 0.652 8 P 18 0
P 2.7950000000 0.1720000000 8 P 18 0
P 2.7950000000 0.6452800000 8 P 18 0
P 2.095 0.1452800000 8 P 18 0
P 2.7959400000 0.27028 8 P 18 0
P 3.2460000000 1.6202800000 8 P 18 0
P 3.1460000000 1.4202800000 8 P 18 0
P 3.2460000000 1.4202800000 8 P 18 0
P 3.2460000000 1.52028 8 P 18 0
P 3.2460000000 0.32028 8 P 18 0
P 3.1460000000 0.32028 8 P 18 0
P 3.2460000000 0.4202800000 8 P 18 0
P 3.1460000000 0.4202800000 8 P 18 0
P 3.2460000000 0.5202800000 8 P 18 0
P 3.1460000000 0.5202800000 8 P 18 0
P 3.2460000000 0.62028 8 P 18 0
P 3.1460000000 0.62028 8 P 18 0
P 3.2460000000 1.3202800000 8 P 18 0
P 3.1460000000 1.3202800000 8 P 18 0
P 3.1460000000 1.52028 8 P 18 0
P 3.1460000000 1.6202800000 8 P 18 0
P 2.9450000000 1.4202800000 8 P 18 0
P 2.9450000000 1.3202800000 8 P 18 0
P 2.9450000000 1.22028 8 P 18 0
P 2.9450000000 1.1202800000 8 P 18 0
P 2.9450000000 1.02028 8 P 18 0
P 2.9450000000 0.9202800000 8 P 18 0
P 2.9450000000 0.82028 8 P 18 0
P 2.9450000000 0.72028 8 P 18 0
P 2.9450000000 0.62028 8 P 18 0
P 3.0450000000 1.4202800000 8 P 18 0
P 3.0450000000 1.3202800000 8 P 18 0
P 3.0450000000 1.22028 8 P 18 0
P 3.0450000000 1.1202800000 8 P 18 0
P 3.0450000000 1.02028 8 P 18 0
P 3.0450000000 0.9202800000 8 P 18 0
P 3.0450000000 0.82028 8 P 18 0
P 3.0450000000 0.72028 8 P 18 0
P 3.0450000000 0.62028 8 P 18 0
P 2.9450000000 1.52028 8 P 18 0
P 3.0450000000 1.6202800000 8 P 18 0
P 3.0450000000 1.52028 8 P 18 0
P 2.9450000000 1.6202800000 8 P 18 0
P 3.0450000000 0.4202800000 8 P 18 0
P 2.9450000000 0.32028 8 P 18 0
P 3.0450000000 0.32028 8 P 18 0
P 3.0450000000 0.5202800000 8 P 18 0
P 2.9450000000 0.4202800000 8 P 18 0
P 3.0450000000 0.22028 8 P 18 0
P 2.9450000000 0.22028 8 P 18 0
P 2.9450000000 0.5202800000 8 P 18 0
P 0.0970600000 1.57528 9 P 19 0
P 0.0970600000 0.1575700000 9 P 19 0
P 3.22698 0.1575700000 9 P 19 0
P 3.2839400000 0.7852800000 10 P 20 0
P 1.3550000000 1.44628 10 P 20 0
P 1.20394 1.46028 10 P 20 0
P 1.3210000000 1.4352800000 10 P 20 0
P 1.3550000000 1.3882100000 10 P 20 0
P 2.595 0.54778 10 P 20 0
P 2.325 0.3702800000 10 P 20 0
P 1.37 0.0702800000 10 P 20 0
P 1.31594 1.6702800000 10 P 20 0
P 0.97194 0.72028 10 P 20 0
P 2.7420000000 0.5640000000 10 P 20 0
P 1.1719400000 1.6702800000 10 P 20 0
P 2.4800000000 1.4600000000 10 P 20 0
P 2.03594 0.9202800000 10 P 20 0
P 1.8439400000 0.9202800000 10 P 20 0
P 0.6200000000 1.59528 10 P 20 0
P 1.77 0.0702800000 10 P 20 0
P 0.9700000000 0.0702800000 10 P 20 0
P 0.6200000000 0.0702800000 10 P 20 0
P 0.8200000000 0.4702800000 10 P 20 0
P 0.8200000000 0.72028 10 P 20 0
P 1.57 1.1002800000 10 P 20 0
P 1.57 1.14528 10 P 20 0
P 1.57 1.1852800000 10 P 20 0
P 1.57 1.2352800000 10 P 20 0
P 1.52 1.3702800000 10 P 20 0
P 1.4100000000 0.6920000000 10 P 20 0
P 3.2839400000 1.0702800000 10 P 20 0
P 1.625 0.764 10 P 20 0
P 1.3399400000 1.06528 10 P 20 0
P 1.4700000000 1.06 10 P 20 0
P 1.32 1.2228500000 10 P 20 0
P 2.0500000000 1.3902800000 10 P 20 0
P 2.08 1.3502800000 10 P 20 0
P 2.1100000000 1.3102800000 10 P 20 0
P 2.145 1.2852800000 10 P 20 0
P 2.2727600000 1.25804 10 P 20 0
P 2.30425 1.20954 10 P 20 0
P 2.3350000000 1.16528 10 P 20 0
P 1.356 1.2464700000 10 P 20 0
P 1.32 1.2700900000 10 P 20 0
P 1.356 1.2937200000 10 P 20 0
P 1.3550000000 1.3409600000 10 P 20 0
P 1.52 1.3302800000 10 P 20 0
P 1.32 1.3645800000 10 P 20 0
P 1.22794 1.04028 10 P 20 0
P 1.22794 1.1702800000 10 P 20 0
P 2.2359400000 0.9202800000 10 P 20 0
P 1.625 0.924 10 P 20 0
P 3.2839400000 1.22028 10 P 20 0
P 1.22794 0.9252800000 10 P 20 0
P 1.3399400000 0.98528 10 P 20 0
P 1.4100000000 0.924 10 P 20 0
P 1.3399400000 1.14528 10 P 20 0
P 1.328 1.58928 10 P 20 0
P 2.68 1.4600000000 10 P 20 0
P 2.15594 1.6802800000 10 P 20 0
P 2.54794 1.6802800000 10 P 20 0
P 1.97194 1.6802800000 10 P 20 0
P 1.00394 1.46028 10 P 20 0
P 0.8200000000 1.59528 10 P 20 0
P 0.9700000000 0.59528 10 P 20 0
P 1.32 0.44528 10 P 20 0
P 1.07 0.4702800000 10 P 20 0
P 1.1700000000 0.44528 10 P 20 0
P 0.97194 1.3202800000 10 P 20 0
P 1.4100000000 0.764 10 P 20 0
P 1.02794 1.6702800000 10 P 20 0
P 0.9700000000 1.02 10 P 20 0
P 2.54 0.7000000000 10 P 20 0
P 0.6200000000 1.3202800000 10 P 20 0
P 0.6200000000 1.02028 10 P 20 0
P 0.6200000000 0.4702800000 10 P 20 0
P 0.6200000000 0.72028 10 P 20 0
P 1.8450000000 0.764 10 P 20 0
P 2.035 0.764 10 P 20 0
P 2.3479400000 1.6802800000 10 P 20 0
P 1.79594 1.6802800000 10 P 20 0
P 2.7479400000 1.6802800000 10 P 20 0
P 3.2839400000 0.9202800000 10 P 20 0
P 2.47 0.7702800000 10 P 20 0
P 1.465 1.02028 10 P 20 0
P 1.85 1.62528 10 P 20 0
P 1.935 1.58528 10 P 20 0
P 1.485 1.60528 10 P 20 0
P 1.485 1.4952800000 10 P 20 0
P 1.7100000000 1.64528 10 P 20 0
P 2.0477600000 1.47076 10 P 20 0
P 2.07925 1.4545400000 10 P 20 0
P 2.1107500000 1.46825 10 P 20 0
P 2.14224 1.45324 10 P 20 0
P 2.273 1.4680000000 10 P 20 0
P 2.30425 1.4532500000 10 P 20 0
P 2.3360000000 1.4680000000 10 P 20 0
P 2.3672400000 1.45324 10 P 20 0
P 2.3672400000 1.12253 10 P 20 0
P 2.685 0.4902800000 10 P 20 0
P 1.61 1.48028 10 P 20 0
P 1.61 1.0702800000 10 P 20 0
P 1.5865 1.4102800000 10 P 20 0
P 0.8200000000 1.02028 10 P 20 0
P 0.8200000000 1.3202800000 10 P 20 0
P 1.32 0.3702800000 10 P 20 0
P 1.895 0.268 10 P 20 0
P 1.655 0.268 10 P 20 0
P 1.52 0.6452800000 10 P 20 0
P 1.7950000000 0.6452800000 10 P 20 0
P 2.0700000000 0.6452800000 10 P 20 0
P 2.3200000000 0.6452800000 10 P 20 0
P 2.1700000000 0.0702800000 10 P 20 0
P 2.5700000000 0.0702800000 10 P 20 0
P 2.97 0.0702800000 10 P 20 0
P 2.50794 0.22028 10 P 20 0
P 2.62 0.2920000000 10 P 20 0
P 0.99594 0.27028 10 P 20 0
P 0.895 0.72028 10 P 20 0
P 0.895 1.02028 10 P 20 0
P 0.895 1.3202800000 10 P 20 0
P 1.32 0.27028 10 P 20 0
P 0.99594 0.3702800000 10 P 20 0
P 2.3959400000 0.26528 10 P 20 0
P 2.4199400000 0.4252800000 10 P 20 0
P 2.2999400000 0.26528 10 P 20 0
P 2.18794 0.26528 10 P 20 0
P 2.18794 0.3652800000 10 P 20 0
P 2.51594 0.4217800000 10 P 20 0
P 2.45194 0.6502800000 10 P 20 0
P 2.2999400000 0.16528 10 P 20 0
P 2.18794 0.16528 10 P 20 0
P 1.87 1.572 10 P 20 0
P 1.77994 1.57528 10 P 20 0
P 2 1.4600000000 10 P 20 0
P 2.2100000000 1.4600000000 10 P 20 0
P 2.83094 0.45528 10 P 20 0
P 1.4359400000 0.4702800000 10 P 20 0
P 0.9259400000 1.64528 10 P 20 0
P 2.095 0.4702800000 11 P 21 0
