volt	        -0.5	    -0.46875	     -0.4375	    -0.40625	      -0.375	    -0.34375	     -0.3125	    -0.28125	       -0.25	    -0.21875	     -0.1875	    -0.15625	      -0.125	    -0.09375	     -0.0625	    -0.03125	           0	     0.03125	      0.0625	     0.09375	       0.125	     0.15625	      0.1875	     0.21875	        0.25	     0.28125	      0.3125	     0.34375	       0.375	     0.40625	      0.4375	     0.46875	         0.5	
-0.3066115901685383	0	0	0	0	0	0	0	0	0	0	0	0	0	0	0	0	0	0	0	0	0	0	0	0	0	0	0	0	0	0	0	0	0	
-0.3016540595922345	0	0	0	0	0	0	0	0	0	0	0	0	0	0	0	0	0	0	0	0	0	0	0	0	0	0	0	0	0	0	0	0	0	
-0.2966965290159307	0	0	0	0	0	0	0	0	0	0	0	0	0	0	0	0	0	0	0	0	0	0	0	0	0	0	0	0	0	0	0	0	0	
-0.2917389984396269	0	0	0	0	0	0	0	0	0	0	0	0	0	0	0	0	0	0	0	0	0	0	0	0	0	0	0	0	0	0	0	0	0	
-0.2867814678633231	0	0	0	0	0	0	0	0	0	0	0	0	0	0	0	0	0	0	0	0	0	0	0	0	0	0	0	0	0	0	0	0	0	
-0.2818239372870193	0	0	0	0	0	0	0	0	0	0	0	0	0	0	0	0	0	0	0	0	0	0	0	0	0	0	0	0	0	0	0	0	0	
-0.2768664067107155	0	0	0	0	0	0	0	0	0	0	0	0	0	0	0	0	0	0	0	0	0	0	0	0	0	0	0	0	0	0	0	0	0	
-0.2719088761344117	0	0	0	0	0	0	0	0	0	0	0	0	0	0	0	0	0	0	0	0	0	0	0	0	0	0	0	0	0.003525685890257559	0.003429422401872141	0.003401016085202626	0.003554512820060506	0	
-0.2669513455581078	0.002233785309951569	0	0	0	0	0	0	0	0	0	0	0	0	0	0	0	0	0	0	0	0	0	0	0	0	0	0.003706471379464953	0.003529298431520226	0	0	0	0	0.002233785309951569	
-0.2619938149818041	0.002233785309951569	0	0	0	0	0	0	0	0	0	0	0	0	0	0	0	0	0	0	0	0	0	0	0	0.004052644149183563	0.003909575306617902	0	0	0	0	0	0	0.002233785309951569	
-0.2570362844055002	0.002504001274865065	0	0	0	0	0	0	0	0	0	0	0	0	0	0	0	0	0	0	0	0	0	0	0.004389344675196663	0	0	0	0	0	0	0.003190034938477897	0.003345034707215749	0.002504001274865065	
-0.2520787538291964	0.006950786051313319	0.003538067289410598	0.003422599774516069	0.00351490016767731	0.003512556517949556	0.003606667412462244	0.003766152753473528	0.003794655467881961	0.004052379264488135	0.0002507890990338287	0	0	0	0	0	0	0	0	0	0	0	0	0.004677263046720403	0	0	0	0.003347780600807054	0.003511783302827818	0.003525685890257559	0.0066588660780768	0.006812581227741489	0.006690069414431499	0.006950786051313319	
-0.2471212232528926	0.008530510153884528	0.003934859882615525	0.003422599774516069	0	0	0	0	0	0	0.00383276673573922	0.004385392182467137	0.000621211390577443	2.708624259642702e-05	0	0	0	0	0	0	0	0	0.005090890716388121	0	0	0	0.0036670458210957	0.007337065863444581	0.007082680164992512	0.01057705767077268	0.01046271673226253	0.007002464259793745	0.007109025640121012	0.008530510153884528	
-0.2421636926765888	0.01286089420698543	0.007274530875423658	0.006845199549032139	0.01054470050303193	0.007232118537887454	0.003785658351045978	0	0	0	0	0	0.003951358297143278	0.004824360764674724	0.0003260891046713088	0	0	0	0	0	0	0.005510564764519073	0	8.704583833846904e-06	0.008506397497093284	0.01582341332193632	0.01566497946987905	0.01155398181253808	0.01058132712130102	0.01057705767077268	0.003659185193064567	0.003394686650800885	0	0.01286089420698543	
-0.237206162100285	0.01101926847688268	0.01019674299413078	0.01026992252440089	0.01054688096219302	0.01054856458026911	0.01747175299250476	0.01175404125479238	0.007589310935763921	0.008104758528976271	0.008156978776655841	0.004385392182467137	0.004572569687720722	0	0.00498356379159283	0.0003563894508722542	0	0	0	0	1.087102256461917e-05	0.01102112952903815	0.005090890716388121	0.01782408616377384	0.01731503895134962	0.01254760976958757	0.01561162298306417	0.01134014692526126	0.01058570590347413	0.007053558930571109	0.006871609403254973	0.003407345519604368	0.006908367658343403	0.01101926847688268	
-0.2322486315239812	0.01104282576613155	0.00392452674216748	0.006845199549032139	0.007029800335354619	0.01032194803072397	0.01784987135026289	0.02966663006427225	0.03059499821095648	0.02479945499018329	0.0164532848305527	0.01754156872986855	0.0137120358997779	0.010000842683103	0.005629154342255219	0.005446638779492127	0.0003836519148744104	0.006256792423536718	0.006097376463824251	0.006032911553474725	0.01167185456021278	0.01020411651494382	0.01973825494877528	0.01475717112631512	0.01807201030352373	0.0162130906439732	0.01197610599508635	0.0146097513307198	0.01059227407673378	0.01057705767077268	0.01027763003935751	0.01360406434081051	0.01401298323293084	0.01104282576613155	
-0.2272911009476774	0.01837607133701474	0.01979623047036455	0.01690704838987063	0.01747856063529858	0.01405240507708231	0.0041749636424656	0.003777834368713831	0.007356264477128491	0.0157293654205349	0.01672433971536704	0.009361125620266388	0.00943730728973129	0.01425940193576347	0.01561275107214145	0.01230803568214381	0.01780596240211234	0.006641049526471045	0.006097376463824251	0.006032911553474725	0.01683196660421868	0.01668210673129844	0.02516390646909463	0.0191529859624078	0.008781412268926326	0.008105288298367127	0.003909575306617902	0	0.003529298431520226	0.003525685890257559	0.003227316242952877	0.006603709892484008	0.009856496467537508	0.01837607133701474	
-0.2223335703713736	0.0265407506460933	0.01725014466396627	0.01731682615443738	0.007337245077068329	0.01053984855913276	0.007421411791028079	0.007532305506947057	0.007589310935763921	0.008104758528976271	0.01584531125713736	0.02572473230608514	0.01855975401163566	0.01058470169018154	0.01060942430450794	0.02251373359348563	0.006796656962529997	0.005872535320602391	0.0003744666686839955	0.01738391697635862	0.02335095646880198	0.01654878661602781	0.01078814062480262	0.004677263046720403	0.004389344675196663	0.003803753472527749	0.003909575306617902	0.003706471379464953	0.006850604709818105	0.007051371780515118	0.01673226252526327	0.01380660624166625	0.00691057269111019	0.0265407506460933	
-0.2173760397950698	0.0237734620207997	0.004321319335372407	0.003428969377074102	0.01385245705040567	0.01404368905594596	0.007220046985121378	0.007541650799139299	0.01138632040827856	0.008338549640389048	0.008159511999878405	0.01315617654740141	0.0225905365961587	0.01920414600086676	0.01129783463659181	0.0172398896992649	0.01745992342006876	0.01914299021891011	0.03050201228553272	0.03546393913196433	0.02957642872414055	0.01718803947642798	0.005090890716388121	0.01345148355123808	0.008778689350393326	0.008115344487322916	0.007819150613235805	0.01088948415207569	0.01053534990848345	0.01057924482082867	0.0006318476757791725	0	0.003554512820060506	0.0237734620207997	
-0.212418509218766	0.01983662327044461	0.01058526907497727	0.01026779932354821	0.007036341712837889	0.007247371574876069	0.01781407316254615	0.01506928365999023	0.007589310935763921	0.004059920913243387	0.004086089057995613	0.0002530033951423348	0.004303094426967949	0.02841948764867338	0.03733226174085468	0.012826420337958	0.03623253819593329	0.0551777674274181	0.06089433231458226	0.04832317244321691	0.01867279309182753	0.02721097737318351	0.02005090890716388	0.01366619661913964	0.01752742659692365	0.01239676693525071	0.01172872591985371	0.01112631203798443	0.003792025361906347	0.003525685890257559	0.006643974045314328	0.006802032170405253	0.006901752560043042	0.01983662327044461	
-0.2074609786424622	0.01367292782462291	0.006852938745143424	0.006734793104692911	0.007210778445725101	0.006809391512774418	0.003620091732856024	0.01120734166154622	0.0151715598576298	0.02002307744519107	0.01306383215876217	0.01732937233394272	0.01398151116053067	0.01456637935185631	0.02091911013906548	0.05185646504863456	0.03778971361512943	0.06687238006520727	0.05566314642781493	0.04849158498658313	0.05255414675155727	0.032502760410079	0.0257639494195374	0.0056231611566651	2.995210386300452e-05	0.003811295614244592	0.007581471717424046	0.003929503466194544	0.007058596863040451	0.007051371780515118	0.01009041591320072	0.01020304825560788	0.01025560739832594	0.01367292782462291	
-0.2025034480661584	0.01089178197035939	0.0133276845498884	0.01379868234155083	0.01698141594657003	0.01073813803998475	0.01441995748965209	0.01137789324405464	0.007596372949661965	0.01215713779346441	0.01959701484975453	0.01750076173065204	0.01802080349013012	0.02425723503635576	0.04237840828990969	0.06836917627238234	0.09489366823888726	0.06488511100760752	0.09039776681695767	0.07346903641827687	0.04777814417150125	0.03947984644257493	0.02493020553050113	0.02778503159763932	0.01756010161931965	0.01239928098248966	0.008059254803902785	0.007412942758929906	0.01058789529456068	0.01057487052071669	0.01048611849803213	0.01020726787854237	0.01421805128024202	0.01089178197035939	
-0.1975459174898546	0.008541595937060466	0.006857072001322642	0.003630673458078461	0.003920465571640076	0.01033720106771259	0.01082000223738673	0.007747247227368623	0.01138396640364588	0.01215211002762757	0.00409115550444074	0.008770784364934274	0.01828176900580648	0.01426843068329561	0.03716757027384897	0.04027920773545103	0.07090413967938736	0.07626533147026859	0.05488017066602112	0.08370851905494366	0.02549254791403196	0.02203200366459394	0.02036672098634429	0.01899050039750933	0.004389344675196663	0.008105288298367127	0.007819150613235805	0.007417541358656289	0.007058596863040451	0.007051371780515118	0.003429422401872141	0.003396796462268132	0	0.008541595937060466	
-0.1925883869135507	0.008541595937060466	0.0005889890055385633	0.003218772492659033	0.003517080626838399	0.003514735523233644	0.003512697169705784	0.00377316172261771	0.003794655467881961	0.00405740703032497	0.008640824412165552	0.008789827631235309	0.01373472855331497	0.03337025087879809	0.02186443915967826	0.04537305695751406	0.04282984661445992	0.08530895823629871	0.06221063939238055	0.06029169052511031	0.05810199193370125	0.05026852038601301	0.04103346344790996	0.02833342037917167	0.02194672337598332	0.004369414101290963	0.00391927648603879	0.003701872779738569	0	0	0	0	0	0.008541595937060466	
-0.1876308563372469	0.008541595937060466	0.0005889890055385633	0	0	0	9.620762948875714e-05	0.003546538386955841	0.003797009472514642	0.004054893147406553	0.007695932150149207	0.01313985374771481	0.01345107038410153	0.03881458564067992	0.04308328776869413	0.04539465631817298	0.067421182099253	0.04952258965999069	0.06709383605168397	0.03169149816056078	0.0456510474230241	0.01204666887727371	0.01556321926201033	0.02779663770941778	0.01756010161931965	0.007791032393498674	0.004125426548732662	0.003706471379464953	0.003529298431520226	0.003525685890257559	0.003429422401872141	0.003401016085202626	0.0002094781128447569	0.008541595937060466	
-0.1826733257609431	0.006695813038266738	0.0003967925932049268	0	0	0	0	0	0	0	0	0.00851234003656307	0.01829027875088289	0.01484025136033129	0.04060632810492823	0.04746819494142973	0.02958633296472659	0.03828986182269834	0.04767074167095349	0.03125362554780858	0.03468943300369977	0.02788441487852486	0.01049443539116484	0.01898179581367548	0.02194944629451632	0.004052644149183563	0.003686448179937476	0.003708770679328145	0.003531487822606777	0.0002034049552071669	0	0	0.003142171692671353	0.006695813038266738	
-0.1777157951846393	0.00643668285652918	0.0003967925932049268	0	0	0	0	0	0	0	0	0.00851234003656307	0.02286284843860361	0.0336712091298695	0.03153182827291352	0.03517095893961539	0.01323222976988408	0.02425865548827822	0.006112506430235725	0.03431499133611027	0.03652663581712041	0.05930010357947417	0.02160470433673147	0.01429872971106585	0.02658929947474901	0.01215793244755069	0	0	0	0.003324468085106383	0.003431549835123923	0.003403125896669874	0.0002050680473111831	0.00643668285652918	
-0.1727582646083355	0.002357114647783883	0.0001963296685128544	0	0	0	0	0	0	0	0.007926455463402524	0.01315617654740141	0.01855975401163566	0.03764385804401214	0.02752323796599451	0.02830596214352055	0.02497874869295058	0.006641049526471045	0	0.01736894697250384	0.03435243130419658	0.02270544116993529	0.03025479718548275	0.01927485013608166	0.02634423680677898	0.02837102309152389	0.01172872591985371	0.007412942758929906	0.003851138921243224	0.003525685890257559	0.003429422401872141	0.003401016085202626	0.006705504643799006	0.002357114647783883	
-0.1678007340320317	0.0002535872901495888	0	0	0	0	0	0	0	0	0.007926455463402524	0.01754156872986855	0.03173567597160015	0.03366218038233736	0.03218071265291603	0.01775827435507909	0.01818209173042059	0.000384257102934327	0	0.01133603541902912	0.02305743885955726	0.02326265088247661	0.04407473377041725	0.01047161435211783	0.009029197855429364	0.02837102309152389	0.007819150613235805	0	0.003207457941797227	0.003523498740201568	0.003429422401872141	0.003401016085202626	0.003353854838282897	0.0002535872901495888	
-0.1628432034557279	0	0	0	0	0	0	0	0	1.005553167366783e-05	0.01991873419902015	0.01368122660398712	0.04005253349293833	0.02566872923388068	0.02538224889492026	0.02384569416745264	0.006435572807354081	0	0	0	0.01681747190746586	0.03240704340424368	0.03084536577355011	0.01900790956517702	0.01342943420475803	0.02050205523361784	0.01563830122647161	0.003706471379464953	0	0	0	0	0	0	
-0.1578856728794241	0	0	0	0	0	0	0	0	0.007865939651726661	0.01633422333909219	0.02192424044572125	0.03575511222935465	0.02969254105070545	0.02156140686038775	0.01740188490420683	0.000372368035025163	0	0	0	0.01097610911607716	0.02688622324624225	0.02608607774030141	0.03214892962634123	0.00960645658442545	0.01643935489547849	0.02345745183970741	0.003706471379464953	0	0	0	0	0	0	
-0.1529281423031203	0	0	0	0	0	0	0	0	0.007865939651726661	0.02450133500863829	0.03016181335422652	0.02781268349137821	0.02416393797852362	0.02122214243835598	0.01231163557558696	0	0	0	0	0	0.02103723049680544	0.03056745114387135	0.03244198394874741	0.01811285408151873	0.004522770982866768	0.02736702714632532	0.01112171343825805	0	0	0	0	0	0	
-0.1479706117268165	0	0	0	0	0	0	0	0.003571025027777255	0.01620700317503413	0.01633169011586963	0.03454992600330808	0.0277134031321535	0.02912372995618048	0.01623199098808293	0.0003563894508722542	0	0	0	0	0	0.01586509371720411	0.02484809438991423	0.03301648648178131	0.01783783930968569	0.01239676693525071	0.0158687042377177	0.01853465619718796	0.003529298431520226	0	0	0	0	0	
-0.1430130811505126	0	0	0	0	0	0	0	0.007363326491026534	0.02025938243952226	0.02425814557927215	0.03042841908244102	0.02771056655046137	0.01940277844657389	0.01126489634319067	0	0	0	0	0	0	0.01035452895268503	0.01526635590758075	0.03220115712934431	0.02658385363768302	0.01266325594257916	0.01586142835315204	0.01853465619718796	0.007058596863040451	0	0	0	0	0	
-0.1380555505742088	0	0	0	0	0	0	7.008969144181504e-06	0.01493851339899437	0.01621705870670779	0.03192621227397316	0.02684284408461739	0.02317203584304626	0.02392016179515578	0.0006554720386827318	0	0	0	0	0	0	0	0.01465683859476257	0.03218664948962124	0.02632245345851498	0.02077357233542418	0.008056829509047563	0.02244576526447697	0.01059008468564723	0	0	0	0	0	
-0.133098019997905	0	0	0	0	0	0	0.003544202063907781	0.01517626786689516	0.01620951705795254	0.03601230133196877	0.02684284408461739	0.02314083344443278	0.01454832185679203	0.0003260891046713088	0	0	0	0	0	0	0	0.009565947878374451	0.02282051728440197	0.03100315041674268	0.01645443917891217	0.01587112953257292	0.01504431900486302	0.01764868154868768	0.003525685890257559	0	0	0	0	
-0.1281404894216012	0	0	0	0	0	0	0.007310354817381309	0.01517862187152784	0.03192379918097694	0.03267604634785208	0.01808022111952642	0.02257351710600589	0.005441325179371117	0	0	0	0	0	0	0	0	0.004048710855092785	0.01437707096557047	0.03437956939766319	0.02098726635073473	0.01955515241765518	0.01155858041226447	0.0211779799802079	0.003525685890257559	0	0	0	0	
-0.1231829588452974	0	0	0	0	0	5.369728157512026e-05	0.01478658857117491	0.01138396640364588	0.03573484568529706	0.02499531353703826	0.03071134761034213	0.01397867457883853	0.0002979486685606973	0	0	0	0	0	0	0	0	0	0.01346599119096116	0.0258159906113769	0.02835845285532915	0.0200426366835548	0.007845211133209937	0.02117579058912135	0.01057924482082867	0	0	0	0	
-0.1182254282689936	0	0	0	0	0	0.00339411567289406	0.01883076376736764	0.01517626786689516	0.03647644114623005	0.02016699007483141	0.02996049882475842	0.005894416756255372	0	0	0	0	0	0	0	0	0	0	0.008788728144240757	0.02141575426204823	0.02862242781541865	0.01588083071199381	0.01504661830472621	0.01432518587930325	0.01763061660134379	0.003429422401872141	0	0	0	
-0.1132678976926898	0	0	0	0	0	0.007000783085356304	0.01506461101389411	0.02989350483041751	0.02836916873433537	0.02092189059515547	0.02164947331766345	0.005128539699379073	0	0	0	0	0	0	0	0	0	0	0.004387110252258839	0.008792303943058327	0.03930461453370709	0.01657931563029775	0.01853925479691434	0.01100606899209192	0.02115630249160134	0.003429422401872141	0	0	0	
-0.108310367116386	0	0	0	0	6.537015852263441e-06	0.01420069358988701	0.01130546722956477	0.03703320088133934	0.02504581551618815	0.02474959088444956	0.01315073561417254	0.0002808215875213098	0	0	0	0	0	0	0	0	0	0	0	0.01263706491165491	0.02397646851784345	0.02722878533957766	0.0189922168699631	0.007470202387312041	0.02115411534154535	0.01029039463886821	0	0	0	
-0.1033528365400822	0	0	0	0	0.003305551015961214	0.01803333706231122	0.01553654826960233	0.0365765239825992	0.01717484809862465	0.02832650207470982	0.004918603638896143	0	0	0	0	0	0	0	0	0	0	0	0	0.008247720236458245	0.01595917187283949	0.03105590062111801	0.01527654829104538	0.01785667370191002	0.01783620870660694	0.01029039463886821	0.003398906273735379	0	0	
-0.09839530596377838	0	0	0	0	0.003305551015961214	0.01803333706231122	0.02590281363384678	0.03036195175232105	0.02076215902320565	0.02015939040516372	0.004918603638896143	0	0	0	0	0	0	0	0	0	0	0	0	0.004117052821896621	0.008117858534561864	0.03791948506139634	0.01571801386477818	0.01765306033086078	0.01452048922172452	0.01714923944261249	0.003398906273735379	0	0	
-0.09343777538747455	0	0	0	0	0.00681810753391077	0.01453630159973151	0.04040904343925443	0.02345059415076929	0.02455812223001526	0.01224560105787402	0.0002693261948289371	0	0	0	0	0	0	0	0	0	0	0	0	0	0.0116676932359559	0.02708326764826434	0.02232390237172781	0.02136407822256474	0.004035291853303471	0.02048718221465802	0.01020304825560788	0	0	
-0.08848024481117076	0	0	0	0.003307756547373746	0.01756278258974778	0.01419845620315472	0.03345380972517832	0.01966770870605073	0.02810772491082	0.004580067586395578	0	0	0	0	0	0	0	0	0	0	0	0	0	0	0.007615049086772341	0.01172630062499848	0.03617718404745755	0.01495791990331649	0.01453798642217245	0.01714711200936071	0.01360406434081051	0	0	
-0.08352271423486693	0	0	0	0.003307756547373746	0.01756278258974778	0.02480590670097326	0.03013389467388435	0.01944172426131335	0.02000296638184373	0.004580067586395578	0	0	0	0	0	0	0	0	0	0	0	0	0	0	0.003801239425288801	0.007831277087511914	0.03942609475414736	0.0151899953584909	0.01783839585666293	0.01391979576640783	0.01360617415227775	0.003554512820060506	0	
-0.07856518365856313	0	0	0	0.003429862260394794	0.01744075829383886	0.03520080545922363	0.02704060295825224	0.02679328072917648	0.008099730763139438	0.0002507890990338287	0	0	0	0	0	0	0	0	0	0	0	0	0	0	0	0.01125579342308541	0.0324707126679926	0.01496667746766269	0.02116067679171333	0.01069460695670673	0.01700297061454589	0.007111230672887799	0	
-0.07360765308225931	0	0	0.00322089569351171	0.0142667442910128	0.01692651304679414	0.03224969235932431	0.01575382631307196	0.03011713527052221	0.004545100316497859	0	0	0	0	0	0	0	0	0	0	0	0	0	0	0	0	0.00734621811646751	0.01830932481059517	0.02781621375463056	0.02179495030795073	0.007265184554834592	0.01700086080307864	0.01422025631300881	0	
-0.06865012250595551	0.002233785309951569	0	0.00322089569351171	0.01757232037922546	0.02064607506673204	0.02885781407316254	0.02306184480740521	0.01873316886687633	0.004545100316497859	0	0	0	0	0	0	0	0	0	0	0	0	0	0	0	0	0.00734621811646751	0.004154834852787326	0.04065042430399257	0.01207744260918253	0.01714285714285714	0.01720129289246713	0.01066574349294831	0.002233785309951569	
-0.06369259192965174	0.00446895634280013	0	0.00322089569351171	0.01757232037922546	0.03428229013455358	0.0222866092404072	0.02305483583826103	0.01092258149564038	0.004545100316497859	0	0	0	0	0	0	0	0	0	0	0	0	0	0	0	0	0.0036670458210957	0.007424439258245864	0.03423112963822501	0.0114256718924972	0.02401233911286033	0.01400281870812024	0.01066353846018152	0.00446895634280013	
-0.05873506135334791	0.006702741652751699	0.003128874927668017	0.003637043060636493	0.02066421146965128	0.03448057961540556	0.01891934220830071	0.02989091707688606	0.00425604037588746	0	0	0	0	0	0	0	0	0	0	0	0	0	0	0	0	0	0	0.006964579285607533	0.03112876246858224	0.01453579927211646	0.0242144452717796	0.003803990075446858	0.02132707692036304	0.006702741652751699	
-0.05377753077704406	0.008936526962703268	0.003135074811936844	0.01711299887258035	0.01714495038365179	0.03161736667211418	0.01487190960957602	0.02612476432341253	0.00425604037588746	0	0	0	0	0	0	0	0	0	0	0	0	0	0	0	0	0	0	0.006964579285607533	0.01058570590347413	0.03441480613101904	0.01455802574194235	0.014000708896653	0.01777256410030253	0.008936526962703268	
-0.04882000020074029	0.008936526962703268	0.003135074811936844	0.01711299887258035	0.03430516398143121	0.01819251511684916	0.02568519968676586	0.01084053894300073	0.00425604037588746	0	0	0	0	0	0	0	0	0	0	0	0	0	0	0	0	0	0	0.003476541393145787	0.007069543818473206	0.04081659434490482	0.008318264014466547	0.02040187688828126	0.01798204221314729	0.008936526962703268	
-0.04386246962443646	0.01366599921013795	0.003135074811936844	0.02053559864709642	0.0340849376061611	0.0186326741842349	0.03223403065219823	0.004224072070893386	0	0	0	0	0	0	0	0	0	0	0	0	0	0	0	0	0	0	0	0	0.006631665601163005	0.0311034609462486	0.0175555791937028	0.02402020355461036	0.0142224613457756	0.01366599921013795	
-0.03890493904813269	0.02233231020792772	0.01372654377118294	0.01629132014259417	0.03184560604772153	0.01799640464128125	0.02501845844054145	0.004224072070893386	0	0	0	0	0	0	0	0	0	0	0	0	0	0	0	0	0	0	0	0	0.006631665601163005	0.02094414893617021	0.02360174449526646	0.02102216145965197	0.01066794852571509	0.02233231020792772	
-0.03394740847182887	0.01576259795328728	0.02332809787550632	0.02655911946614238	0.02192451686476138	0.02460532766791959	0.01419845620315472	0.004224072070893386	0	0	0	0	0	0	0	0	0	0	0	0	0	0	0	0	0	0	0	0	0.006631665601163005	0.003952180151175812	0.0395000531858313	0.01160818269279457	0.02115949443008723	0.01576259795328728	
-0.0289898778955251	0.009568416603731752	0.0333181780606762	0.03661035230271748	0.0151302061188045	0.0280917361224601	0.007217809598389082	0.003992776089135397	0	0	0	0	0	0	0	0	0	0	0	0	0	0	0	0	0	0	0	0	0.003310359322865125	0.003536621640537514	0.03648122540155303	0.01463787195976167	0.02763788069890719	0.009568416603731752	
-0.02403234731922127	0.01612704307519625	0.03977019095643548	0.0271790941151242	0.01829623282070738	0.03131230593234188	0.004045195211992393	0	0	0	0	0	0	0	0	0	0	0	0	0	0	0	0	0	0	0	0	0	0	0.006624877519596864	0.02702265716413147	0.0202162134791635	0.03184949328347019	0.01612704307519625	
-0.01907481674291744	0.02492499774820029	0.03957799454410185	0.02456331066462556	0.02483106892649454	0.02085308056872038	0.004045195211992393	0	0	0	0	0	0	0	0	0	0	0	0	0	0	0	0	0	0	0	0	0	0	0.006624877519596864	0.01392830549941496	0.03258181848869985	0.02539536237508489	0.02492499774820029	
-0.01411728616661362	0.02729458390205711	0.03898073902620484	0.03546382384227165	0.02481144479404473	0.01011058451816746	0.004045195211992393	0	0	0	0	0	0	0	0	0	0	0	0	0	0	0	0	0	0	0	0	0	0	0.003306970884658455	0.00344005956813105	0.04278486674430773	0.02182761935842367	0.02729458390205711	
-0.009159755590309848	0.02956994089891844	0.04560221542531206	0.03204122406775559	0.03141387513382568	0.007450019066296235	0	0	0	0	0	0	0	0	0	0	0	0	0	0	0	0	0	0	0	0	0	0	0	0.003280725083986562	0.003463461333900649	0.03618959609769271	0.01803716803231696	0.02956994089891844	
-0.004202225014006022	0.03446015700240423	0.03652971811192858	0.0419034920284424	0.02438189433930997	0.00393746254834668	0	0	0	0	0	0	0	0	0	0	0	0	0	0	0	0	0	0	0	0	0	0	0	0	0.009669184129347941	0.02362144918730062	0.04100037926563588	0.03446015700240423	
0.0007553055622978033	0.03691842942166855	0.04741051500371993	0.03865711792469856	0.02420527714726167	0.00393746254834668	0	0	0	0	0	0	0	0	0	0	0	0	0	0	0	0	0	0	0	0	0	0	0	0	0.009669184129347941	0.01063133998345908	0.06041128271166109	0.03691842942166855	
0.005712836138601629	0.02602526172841217	0.06699181615276514	0.0348565883984059	0.02481144479404473	0.003721741025221986	0	0	0	0	0	0	0	0	0	0	0	0	0	0	0	0	0	0	0	0	0	0	0	0	0.006441867886395065	0.0102262561817476	0.06061635075897228	0.02602526172841217	
0.0106703667149054	0.02513147045985214	0.06009341158965033	0.03807323769021226	0.02523445387129622	0	0	0	0	0	0	0	0	0	0	0	0	0	0	0	0	0	0	0	0	0	0	0	0	0.003291660834266517	0.003459206467397085	0.01318421185882829	0.04830785785476772	0.02513147045985214	
0.01562789729120923	0.02697032474416091	0.05991154831776473	0.03785030160068113	0.02193541916056683	0.003512556517949556	0	0	0	0	0	0	0	0	0	0	0	0	0	0	0	0	0	0	0	0	0	0	0	0.003315719484882419	0.003444314434634613	0.02656885580704508	0.02803699162969562	0.02697032474416091	
0.02058542786751305	0.03024617367265068	0.03799495742746135	0.06034986103650419	0.008519053942379185	0.01756278258974778	0	0	0	0	0	0	0	0	0	0	0	0	0	0	0	0	0	0	0	0	0	0	0	0.003315719484882419	0.006873736836506755	0.03315568720779111	0.01530513243426797	0.03024617367265068	
0.02554295844381688	0.03127438006221896	0.0405327767215012	0.05111818372906259	0.01119447733303679	0.01776543008116795	0	0	0	0	0	0	0	0	0	0	0	0	0	0	0	0	0	0	0	0	0	0	0	0.003315719484882419	0.006873736836506755	0.02995721302344423	0.0174241689231502	0.03127438006221896	
0.03050048902012065	0.03179818331728204	0.03350624121683062	0.0511075677247992	0.01097425095776669	0.01798115160429264	0.003606667412462244	0	0	0	0	0	0	0	0	0	0	0	0	0	0	0	0	0	0	0	0	0	0.003319116887211329	0.003534434490481523	0.01007552388043825	0.02059597954326801	0.01989821568748511	0.03179818331728204	
0.03545801959642447	0.02298637141530808	0.0397970571216004	0.02751031344814188	0.03167334977399541	0.01785476929781555	0.003960174516165119	0	0	0	0	0	0	0	0	0	0	0	0	0	0	0	0	0	0	0	0	0	0.003319116887211329	0.003540995940649496	0.02699500053185831	0.01082966226138032	0.01967330234527285	0.02298637141530808	
0.0404155501727283	0.03113165060382875	0.02688063156154418	0.01770112550877201	0.04483024035201333	0.004573732091300321	0.01803557444904352	0	0	0	0	0	0	0	0	0	0	0	0	0	0	0	0	0	0	0	0	0	0.003319116887211329	0.007066681830907055	0.02699500053185831	0.01063133998345908	0.01715294989283541	0.03113165060382875	
0.04537308074903212	0.01996688122276188	0.02962511366454493	0.01450358502463975	0.05184259701407923	0.007885820123113799	0.01824365141514711	0	0	0	0	0	0	0	0	0	0	0	0	0	0	0	0	0	0	0	0	0	0.003319116887211329	0.007066681830907055	0.02699500053185831	0.01704305703242358	0.0179621969182462	0.01996688122276188	
0.05033061132533589	0.01563926861545497	0.0260787798627759	0.01450358502463975	0.03120019013603885	0.02457482159394236	0.01868889137487415	0.003766152753473528	0	0	0	0	0	0	0	0	0	0	0	0	0	0	0	0	0	0	0	0.003485738592598554	0.003544624169126083	0.01387090565509518	0.02077864057015211	0.01322851789964049	0.02862794041119451	0.01563926861545497	
0.05528814190163972	0.0115721719127826	0.01939117136480119	0.01755250144908458	0.01093282223370597	0.04439069564743695	0.008513256516388857	0.01506694733694217	0	0	0	0	0	0	0	0	0	0	0	0	0	0	0	0	0	0	0	0.003485738592598554	0.003544624169126083	0.02775274706047032	0.0109201148813956	0.01641644302665114	0.02821118921827178	0.0115721719127826	
0.06024567247794355	0.01156801474409162	0.006850872117053815	0.01973939832734237	0.01469847520490865	0.04489840387862941	0.0115851884998322	0.01905037813388533	0	0	0	0	0	0	0	0	0	0	0	0	0	0	0	0	0	0	0	0.003485738592598554	0.007073922600646309	0.02775274706047032	0.0139580895649399	0.01379394737286276	0.02425536043465606	0.01156801474409162	
0.06520320305424726	0.009440930097208462	0	0.01954194064804336	0.01489471652940676	0.03469194312796209	0.02162658015437969	0.01951530642044937	0.003794655467881961	0	0	0	0	0	0	0	0	0	0	0	0	0	0	0	0	0	0	0.003485738592598554	0.01370558820180931	0.02508223684210526	0.01333900648867142	0.01738695630158489	0.02429505102445823	0.009440930097208462	
0.07016073363055109	0.006952171774210311	0	0.01954194064804336	0.01489471652940676	0.01452089121316119	0.04171383823693926	0.008866345967389604	0.01517862187152784	0	0	0	0	0	0	0	0	0	0	0	0	0	0	0	0	0	0.003676747000516588	0.003722566478507295	0.02072258663420529	0.01827801301791713	0.01312413573024146	0.02734315661552484	0.01429522742707957	0.006952171774210311	
0.07511826420685491	0.004712843572670773	0	0.0130852868550512	0.0178056295094621	0.01425505256850248	0.04217473990379237	0.008889709197870207	0.0189732773394098	0	0	0	0	0	0	0	0	0	0	0	0	0	0	0	0	0	0.003676747000516588	0.007429037857972247	0.02778118349724575	0.01101448768197088	0.01353685778108712	0.02719336000135028	0.01424892173897704	0.004712843572670773	
0.08007579478315874	0.002233785309951569	0	0	0.02358384628635098	0.01488478509560386	0.03539993287839803	0.0192770014695472	0.01942524622888458	0.004052379264488135	0	0	0	0	0	0	0	0	0	0	0	0	0	0	0	0	0.003676747000516588	0.007429037857972247	0.03079159624125338	0.01134256019036954	0.01390915860014892	0.03342574307559876	0.007931502862132532	0.002233785309951569	
0.08503332535946251	0	0	0	0.02006894611867367	0.01488478509560386	0.02882872804564269	0.02923441030038106	0.01232792226135101	0.01235322066110093	0	0	0	0	0	0	0	0	0	0	0	0	0	0	0	0.003811295614244592	0.0002328283061013143	0.01417288435671338	0.02510793698056697	0.01371124370100784	0.02096159982980534	0.0234421152125846	0.01126551240551435	0	
0.08999085593576633	0	0	0	0.01343816980979855	0.01779375714986109	0.01824365141514711	0.04027120037941886	0.00895463362271897	0.02026441020535909	0	0	0	0	0	0	0	0	0	0	0	0	0	0	0	0.003811295614244592	0.003926552370604457	0.02176287320510904	0.02161366880643156	0.01038896276595745	0.02742048718221466	0.02042508481442098	0.003955828783615724	0	
0.09494838651207016	0	0	0	0.00351490016767731	0.0270893936917797	0.01526792706119253	0.0223469299546987	0.0261294514227604	0.02122219959727596	0.004083555834773048	0	0	0	0	0	0	0	0	0	0	0	0	0	0	0.003811295614244592	0.007836127677222358	0.02917351666417576	0.01105204620490949	0.0174075272956327	0.03066907775768535	0.01059336337704863	0.003761785900138476	0	
0.09990591708837399	0	0	0	0	0.02005556463474424	0.01888801879404855	0.02633503339773797	0.02566335850548954	0.0174186947417111	0.01225066750431915	0	0	0	0	0	0	0	0	0	0	0	0	0	0	0.003811295614244592	0.01518234579368987	0.02636607153121874	0.01372748211267482	0.01802430361142217	0.02706733326241889	0.007378010700963762	0.003554512820060506	0	
0.1048634476646778	0	0	0	0	0.01989867625428992	0.01202819107282694	0.02239365641565991	0.03678367639027513	0.01361770376906466	0.01633675656231476	0	0	0	0	0	0	0	0	0	0	0	0	0	0.004127944496028623	0.0002488906766558144	0.0264187368579335	0.0229056252371153	0.01040179705220384	0.01781215005599104	0.02363791086054675	0.01077902678616639	0	0	
0.1098209782409816	0	0	0	0	0.006820286539194857	0.02462691576238953	0.01948727054387264	0.01872139884371293	0.02790410039442823	0.02138547044488466	0.004385392182467137	0	0	0	0	0	0	0	0	0	0	0	0	0.004127944496028623	0.008122886629039759	0.02295784109953167	0.01898531897037352	0.01040179705220384	0.03171586296192609	0.01716625890862674	0.003785001772241633	0	0	
0.1147785088172854	0	0	0	0	0	0.02059290748405862	0.02349172824824834	0.02274203875633227	0.02740635157658167	0.01755270370914544	0.01315617654740141	0	0	0	0	0	0	0	0	0	0	0	0	0.004127944496028623	0.0157379357158121	0.02781085610483094	0.01092627294988676	0.01762459824673562	0.03156276245800672	0.007439634081480693	0.003401016085202626	0	0	
0.1197360393935892	0	0	0	0	0	0.02059290748405862	0.0124035390621532	0.02254901037645242	0.02737618498156067	0.02548929206543822	0.01780001305823975	0	0	0	0	0	0	0	0	0	0	0	0.004398716364037302	0.0002695689347670407	0.02738551657385642	0.02048889093691566	0.01418208155616615	0.01451347351274663	0.02782711016237402	0.01086905648335284	0	0	0	
0.124693569969893	0	0	0	0	0	0.007018682179214677	0.0257065624978097	0.01963239863656052	0.01999291085017007	0.02403522193568653	0.0273515713415165	0.004572569687720722	0	0	0	0	0	0	0	0	0	0	0.004398716364037302	0.004408405104927665	0.02785061531306173	0.02002808491442347	0.01092397365002357	0.02821906171455595	0.01764811380179171	0.007246037655568556	0	0	0	
0.1296511005461968	0	0	0	0	0	0	0.02904516813348815	0.02365303854917987	0.01618940599460521	0.02377176672053988	0.02272405763036476	0.0139843477422228	0	0	0	0	0	0	0	0	0	0	0.004398716364037302	0.008797749780124329	0.03595590361142886	0.01200035894363857	0.01503282250554706	0.02783372888332297	0.01450736632138858	0.003629401127539623	0	0	0	
0.1346086311225007	0	0	0	0	0	0	0.02150351733434885	0.02008672153066797	0.01597572594653977	0.01991113452935246	0.02631779402803169	0.02825519023535118	0	0	0	0	0	0	0	0	0	0	0.004398716364037302	0.02143481469177924	0.02883109373625131	0.01129702343562419	0.01894853017256246	0.02785562279418848	0.007648463745800672	0.003429422401872141	0	0	0	
0.1395661616988045	0	0	0	0	0	0	0.007345399663102216	0.02588463494096156	0.02096578353959743	0.0201467242890509	0.02581178723774702	0.02394642264499897	0.009699884432031588	0	0	0	0	0	0	0	0	0.004787711120374932	0.0002872512665169478	0.03405281917370314	0.02099480849245157	0.01152257585715983	0.02592690525734914	0.01776252988518833	0.01087888437849944	0	0	0	0	
0.1445236922751083	0	0	0	0	0	0	0	0.02926498559349165	0.02143336576242298	0.01993393353835553	0.01701923913989728	0.02368262054763046	0.02454013579236288	0	0	0	0	0	0	0	0	0.004787711120374932	0.01339055146440115	0.02663286617127702	0.01649214988749639	0.01543215116377774	0.03313750962831818	0.01452223107709284	0.003731277995520717	0	0	0	0	
0.1494812228514121	0	0	0	0	0	0	0	0.021666258639197	0.02550082832442162	0.0120150777446207	0.02138286758944894	0.02286852160198788	0.03482688881398372	0	0	0	0	0	0	0	0	0.004787711120374932	0.02361843746917127	0.0304966875696046	0.01171043203901801	0.0199868549018847	0.02925169285952427	0.007656300629668876	0.003525685890257559	0	0	0	0	
0.1544387534277159	0	0	0	0	0	0	0	0.007368034500291896	0.02361793001852732	0.02521570395740132	0.01751164359710978	0.02206293240142169	0.029981460971734	0.01623857864676315	0	0	0	0	0	0	0.005182392173083694	0.0003126539583886004	0.03628650847536313	0.02273909266908643	0.01194423843224014	0.02735005008233876	0.01855305059609349	0.01098636447231296	0	0	0	0	0	
0.1593962840040197	0	0	0	0	0	0	0	0.003573379032409936	0.02767030928301545	0.02136013821265902	0.01263656742404457	0.01829595191426716	0.02881073337506621	0.03280983405687785	0	0	0	0	0	0	0.005182392173083694	0.01498528315711019	0.02802875994498703	0.01783511639115269	0.02004952673060727	0.02705416411000167	0.01903590356736374	0.00373510119365602	0	0	0	0	0	
0.1643538145803235	0	0	0	0	0	0	0	0	0.01932421799387115	0.02929925979217437	0.01316433794724471	0.02228702235510032	0.01486131843790629	0.03218071265291603	0.01774747467474963	0	0	0	0	0	0.00519264756656605	0.03502355958110686	0.02832181426739321	0.01321160072211799	0.02047440071398942	0.023037875829754	0.01174712300104618	0.003529298431520226	0	0	0	0	0	
0.1693113451566273	0	0	0	0	0	0	0	0	0.007868453534645077	0.02380216539921065	0.02293897449290502	0.02232106133540593	0.01425940193576347	0.03747060257313948	0.02392489182320203	0	0	0	0	0.005493490069320887	0.0003384279849177346	0.03949230050150958	0.02423065986548516	0.01293658595028495	0.02835091071361231	0.01956970418678651	0.01153558741363255	0	0	0	0	0	0	
0.1742688757329311	0	0	0	0	0	0	0	0	0	0.03148543143324704	0.01882562897188126	0.01345390696579366	0.02364628978668079	0.01626492928148407	0.04097398716997977	0.01247997111326759	0	0	0	0.005493490069320887	0.02173801571809974	0.03050428872803527	0.01433644957434585	0.03459467996177022	0.01242944954935703	0.02366360190240129	0.003920306266741777	0	0	0	0	0	0	
0.1792264063092349	0.002229628141260592	3.51326775233529e-05	0.003422599774516069	0.00351490016767731	0.003512556517949556	0.003606667412462244	0.003766152753473528	0.003794655467881961	0.004052379264488135	0.01201254452139814	0.04310307303908766	0.0193454871403569	0.02368240477680936	0.02091581630972536	0.0467806152937873	0.02498250998623367	0	0	0.01136223292577498	0.006200106536021133	0.04826188172796543	0.02666401384520155	0.01378515926486888	0.02217544853275535	0.02388093472276344	0.01239083141532932	0.003704172079601761	0	0	0	0	0	0.002229628141260592	
0.1841839368855387	0.006699970206957714	0.009959080763825743	0.006845199549032139	0.007029800335354619	0.007025113035899112	0.007213334824924488	0.007525296537802875	0.003794655467881961	0.004052379264488135	0.01201254452139814	0.02994689649168625	0.02849062651579834	0.01883095776953821	0.02654497065198058	0.03450137875918872	0.05491488193300385	0.03164881229622729	0.01829212939147275	0.0180837646565694	0.02921768497950812	0.03790051584629216	0.04104925405186897	0.0418487375451913	0.03484518846680626	0.0290523298932787	0.012179830762925	0.003706471379464953	0.003529298431520226	0.003525685890257559	0.003425167535368578	5.696490961567675e-05	0	0.006699970206957714	
0.1891414674618425	0.002236556755745554	0	0	0	0	0	7.008969144181504e-06	0.003794655467881961	0.004052379264488135	0.004083555834773048	0.03407112387916775	0.02796302232106133	0.01968567920258102	0.03590273980724511	0.01297041607568416	0.04852444464504675	0.025031051079025	0.01255408962992102	0.0117252555192533	0.04603153321278577	0.03888161515610418	0.02550498351460947	0.02363294510889434	0.02173161281187628	0.02837605118600179	0.01564557711103727	0.01112171343825805	0.007262210234089695	0.007053558930571109	0.006865227103499628	0.01015452259186119	0.01421805128024202	0.002236556755745554	
0.1940989980381463	0.00446895634280013	0	0	0	0	0	0	0	0	0.003847966075074604	0.01290045268564464	0.0406425424849023	0.02537980931285212	0.02591914307735887	0.02901154125837875	0.03031978515492767	0.04416627852817885	0.01218718794444276	0.01810996216331526	0.03433431293325555	0.02821600593445436	0.03027374591023357	0.02311067007886353	0.01828712086763076	0.01239425288801177	0.007819150613235805	0.003706471379464953	0.006874688011770167	0.01057705767077268	0.01047973619827678	0.01359773490640876	0.01066353846018152	0.00446895634280013	
0.1990565286144502	0.01117169799555183	0.003333471108539307	0.003424722975368747	0.003517080626838399	0.003514735523233644	0	0	0	0.01192837444788846	0.008402701429244543	0.008773504831548708	0.03552251253059963	0.02509991813935571	0.02154493771368718	0.02763638196309389	0.02531726508842801	0.03759121254463593	0.04841967500832148	0.04257469096298292	0.05769251675043394	0.04443320149455268	0.04061027526180822	0.03277565966237821	0.03512020323863931	0.02049954118637889	0.01172872591985371	0.01111941413839486	0.01057038016586827	0.007051371780515118	0.006663120944580363	0.003401016085202626	0.0002028630145443961	0.01117169799555183	
0.204014059190754	0.01142112811701044	0	0	0.00351490016767731	0.003512556517949556	0.007215572211656785	0.01485434193956867	0.0151833298807932	0.004286170375900913	0.004086089057995613	0.01315889701401584	0.0225990463412351	0.057383709731786	0.0277768628251833	0.0286551518075065	0.04253646573837949	0.08758344977487968	0.08155808394105366	0.08938963551783115	0.06531672724242019	0.07052292251366531	0.03647629514533672	0.032143126570452	0.02682074755005405	0.01215793244755069	0.007816725318380582	0.003706471379464953	0.003529298431520226	0	0	0	0.003157606922038861	0.01142112811701044	
0.2089715897670578	0.0132793825218771	0.006848805488964206	0.006845199549032139	0.00351490016767731	0.0070272920411832	0.01782973486967222	0.01151339998084215	0.01138396640364588	0.01215713779346441	0.01225066750431915	0.004385392182467137	0.009235909989589746	0.03818558289594068	0.04243440338869162	0.04670501753148107	0.05235344120722469	0.01989209750038814	0.07088011014615547	0.0781958151354224	0.05363400165964278	0.03319329023789094	0.04065133083210166	0.04322406179093911	0.03075808774877264	0.01620806254949531	0.01173357650956415	0.01112171343825805	0.007242505714310736	0.007073243281075028	0.006858844803744282	0.003609887420460108	0	0.0132793825218771	
0.2139291203433615	0.006842699665347921	0.01351781433413243	0.01369464549976963	0.01737825951388844	0.01405240507708231	0.003814744378565835	0.003768489076521589	0.003797009472514642	0.004062434796161803	0.008169644892768661	0.01754428919648298	0.02257635368769803	0.02397734386285934	0.05780341108966462	0.01849985240436883	0.03600309930566526	0.04308337214718212	0.07277892093079553	0.07307233131612531	0.04635404021553614	0.02239094243647638	0.02063200313285583	0.009627269720234675	0.008778689350393326	0.008112830440083969	0.01172872591985371	0.007415242058793098	0.01040179705220384	0.01055956047032475	0.01029252207211999	0.01339730281702027	0.01401518826569763	0.006842699665347921	
0.2188866509196654	0.01984493760782656	0.003829461850045466	0.006649865070585812	0.003715502410497603	0.003512556517949556	0.007220046985121378	0.01129845826042059	0.01138396640364588	0.02000548026476215	0.01633422333909219	0.008770784364934274	0.004853391275242032	0.009705903597053017	0.03155488507829432	0.03995521732556716	0.02423025132961718	0.0621914299021891	0.0720602475262505	0.05608137694095456	0.05197798255563246	0.0229652444714883	0.04071449324793774	0.01427841901545354	0	0	0	0.007412942758929906	0.007065165036300104	0.007051371780515118	0.006852462503988938	0.003401016085202626	0.007111230672887799	0.01984493760782656	
0.2238441814959692	0.01748228006845471	0.01360461271389601	0.01046525700284721	0.007038522171998979	0.01053984855913276	0.01059178879069247	0.01130079458346865	0.01138632040827856	0.004303767556329831	0.004086089057995613	0.00438811264908157	0.004575406269412856	0	0.01030968583455754	0.02902234093870822	0.04175411673549834	0.04855224344045955	0.0556064090537719	0.02453583631797785	0.03599395571145407	0.03276598217612613	0.01557900986596935	0.01432194193462277	0.004389344675196663	0.004052644149183563	0.003909575306617902	0.003706471379464953	0.003529298431520226	0.007051371780515118	0.006863099670247846	0.006802032170405253	0.007102410541820652	0.01748228006845471	
0.228801712072273	0.02233092448503073	0.01350954782177399	0.01026142972099018	0.01053815912554866	0.01053766955384867	0.003828168698959615	0	0	0	0	0	0	9.028747532142341e-06	0.01030309817587731	0.02903314061903768	0.04809189591749227	0.03691973296072038	0.01926801222501286	0.0234467685375429	0.03563521196682164	0.03866967035746884	0.01017546519119263	0.01361687064408117	0.01366088228006306	0.008105288298367127	0.003909575306617902	0.003706471379464953	0.003529298431520226	0.003525685890257559	0.003429422401872141	0.01001316522355562	0.01047170060947106	0.02233092448503073	
0.2337592426485768	0.01746842283948479	0.003736463586013061	0.00704478042918382	0.01054470050303193	0.003512556517949556	0.007206622664727598	0.003766152753473528	0	0	0	8.161399843301123e-06	0.004572569687720722	0.004842418259739009	0.01529324962615037	0.0123008358952575	0.059255414381681	0.03917481757491073	0.03586180288679759	0.03053880786374303	0.01784297170272826	0.02723490662464234	0.02525549197205695	0.0006789575390400585	0.008283118177387251	0.01215793244755069	0.01195670363624458	0.01111941413839486	0.01058789529456068	0.01038021416573348	0.01028826720561642	0.006991915202457509	0.003761785900138476	0.01746842283948479	
0.2387167732248806	0.01308953848498916	0.007067868066462759	0.00665198827143849	0.000198421783659203	0.003512556517949556	6.712160196890032e-06	0.003766152753473528	0.007589310935763921	0.008104758528976271	0.008167111669546097	0.004377230782623836	0	0.01397349159724563	0.01656466775143446	0.03922443895660688	0.00752258656616491	0.01829296693060084	0.01253895966350955	0.01772074206309108	0.01719433402303932	0.0006563451828707582	0.01547479187983982	0.01818387562890618	0.009053704122226367	0.004052644149183563	0.007591172896844934	0.007412942758929906	0.003732911802569469	0.003722529395296752	0.003429422401872141	0.003401016085202626	0.003554512820060506	0.01308953848498916	
0.2436743038011845	0.006429754242044218	0.0004050591055633628	0	0.006831378551695416	0.007025113035899112	0.007416937017563486	0.003824560829675041	0.003794655467881961	0	0	0.01289229128580134	0.0225905365961587	0.01998663745365243	0.02557329099664688	0.0123404347231322	0.006066966065612	0.0003532060239093308	0	0	0.005475371698379855	0.01071004926007336	0.0006063591920263767	0.01403178914016121	0.01289574217228995	0.004306562920317273	0.003912000601473124	0.003708770679328145	0.003332253233730635	0.003626294792833147	0.006860972236996064	0.003601448174591119	0.003556717852827293	0.006429754242044218	
0.2486318343774881	0.008853383588883731	0.006852938745143424	0.006845199549032139	0.007029800335354619	0.007025113035899112	0.007224521758585971	0.01124005018421907	0.007803525357337904	0.02001804967935423	0.02041777917386524	0.02166579611735005	0.01855975401163566	0.01880387152694178	0.01129124697791158	0.005806628123807536	0.0003422776887605034	0	0	0	0	0.005165299850613102	0.009894392440722074	0.004947105145569657	0.009048258285160366	0.01190652772365593	0.003909575306617902	0.003706471379464953	0.003741669366915674	0.003427264137737962	0	0.003202693807281381	0.003342829674448962	0.008853383588883731	
0.253589364953792	0.0111592264894789	0.003744730098371497	0.003422599774516069	0.006818295796728875	0.007025113035899112	0.01060297572435395	0.01129845826042059	0.01496440744995386	0.008348605172062717	0.01227093329009966	0.01320514494646122	0.01343972405733299	0.01460249434198488	0.005612685195554648	0.0003275903033270215	0	0	0	0	0	0	0.004771920516415912	0.004700475270277328	0.00437300716399866	0.008354178975022941	0.01172872591985371	0.003706471379464953	0.003310359322865125	0.003525685890257559	0.003429422401872141	0.003401016085202626	0.003349444772749323	0.0111592264894789	
0.2585468955300958	0.01102619709136764	0.007074067950731586	0.006845199549032139	0.003726404706303053	0.003512556517949556	0.003606667412462244	0.003766152753473528	0.01114621193574509	0.01596818429778452	0.01223040171853863	0.01311536954818491	0.009423124381270619	0.0005507535994606828	0	0	0	0	0	0	0	0	0	0.004384208724314224	0.004411128023460666	0.007856397621711312	0.008044703034771452	0.01111941413839486	0.0141171937260809	0.003880004199328108	0.003880438251249867	0.006624808007156481	0.006901752560043042	0.01102619709136764	
0.2635044261063997	0.01103728287454358	0.006857072001322642	0.006843076348179462	0.003715502410497603	0.007025113035899112	0.007213334824924488	0.01107417124780678	0.007608142972825371	0.008099730763139438	0.008167111669546097	0.0005168886567424045	0	0	0	0	0	0	0	0	0	0	0	0	0.004114329903363622	0.004052644149183563	0.007520839346043496	0.007633675545796305	0.003529298431520226	0.01042614431690929	0.009837251356238698	0.003578240248451398	0.006685659348897924	0.01103728287454358	
0.2684619566827035	0.008793797504313063	0.00392246011407787	0.003420476573663392	0.006829198092534326	0.003512556517949556	0.01038594921132118	0.007756592519560864	0.004011223894088624	0.0002463605260048618	0	0	0	0	0	0	0	0	0	0	0	0	0	0	0	0	7.27588456566607e-05	0.003483439292735362	0.007058596863040451	0.006847966825307951	0.006858844803744282	0.01020304825560788	0.007131075967788882	0.008793797504313063	
0.2734194872590073	0.006305039181314913	0.003719930561296189	0.003420476573663392	0.006820476255889965	0.007025113035899112	0.0004340530260655554	0	0	0	0	0	0	0	0	0	0	0	0	0	0	0	0	0	0	0	0	0	0	0.003525685890257559	0.003429422401872141	0	0	0.006305039181314913	
0.2783770178353111	0.004207054715268587	0.003521534264693726	0.003422599774516069	0.0002093240794646537	0	0	0	0	0	0	0	0	0	0	0	0	0	0	0	0	0	0	0	0	0	0	0	0	0	0	0.003401016085202626	0.003554512820060506	0.004207054715268587	
0.283334548411615	0.002233785309951569	0	0	0	0	0	0	0	0	0	0	0	0	0	0	0	0	0	0	0	0	0	0	0	0	0	0	0	0	0	0	0	0.002233785309951569	
0.2882920789879186	0	0	0	0	0	0	0	0	0	0	0	0	0	0	0	0	0	0	0	0	0	0	0	0	0	0	0	0	0	0	0	0	0	
0.2932496095642225	0	0	0	0	0	0	0	0	0	0	0	0	0	0	0	0	0	0	0	0	0	0	0	0	0	0	0	0	0	0	0	0	0	
0.2982071401405263	0	0	0	0	0	0	0	0	0	0	0	0	0	0	0	0	0	0	0	0	0	0	0	0	0	0	0	0	0	0	0	0	0	
0.3031646707168302	0	0	0	0	0	0	0	0	0	0	0	0	0	0	0	0	0	0	0	0	0	0	0	0	0	0	0	0	0	0	0	0	0	
0.3081222012931339	0	0	0	0	0	0	0	0	0	0	0	0	0	0	0	0	0	0	0	0	0	0	0	0	0	0	0	0	0	0	0	0	0	
0.3130797318694378	0	0	0	0	0	0	0	0	0	0	0	0	0	0	0	0	0	0	0	0	0	0	0	0	0	0	0	0	0	0	0	0	0	
0.3180372624457416	0	0	0	0	0	0	0	0	0	0	0	0	0	0	0	0	0	0	0	0	0	0	0	0	0	0	0	0	0	0	0	0	0	
0.3229947930220454	0	0	0	0	0	0	0	0	0	0	0	0	0	0	0	0	0	0	0	0	0	0	0	0	0	0	0	0	0	0	0	0	0	
