
#
#Feature symbol names
#
$0 r10
$1 r5
$2 r8
$3 r6
$4 r4
$5 r3

#
#Layer features
#
L 2.5039000000 0.4141800000 2.5039000000 0.4141800000 0 P 11
A 2.5039000000 0.4141800000 2.4939 0.4141800000 2.4989000000 0.4141800000 0 P 11 N
L 2.4939 0.4141800000 2.4939 0.4141800000 0 P 11
A 2.4939 0.4141800000 2.5039000000 0.4141800000 2.4989000000 0.4141800000 0 P 11 N
L 2.665 0.652 2.665 0.652 1 P 16
A 2.665 0.652 2.575 0.652 2.62 0.652 1 P 16 N
L 2.575 0.652 2.575 0.652 1 P 16
A 2.575 0.652 2.665 0.652 2.62 0.652 1 P 16 N
L 2.8400000000 0.1720000000 2.8400000000 0.1720000000 1 P 16
A 2.8400000000 0.1720000000 2.75 0.1720000000 2.7950000000 0.1720000000 1 P 16 N
L 2.75 0.1720000000 2.75 0.1720000000 1 P 16
A 2.75 0.1720000000 2.8400000000 0.1720000000 2.7950000000 0.1720000000 1 P 16 N
L 2.8400000000 0.6452800000 2.8400000000 0.6452800000 1 P 16
A 2.8400000000 0.6452800000 2.75 0.6452800000 2.7950000000 0.6452800000 1 P 16 N
L 2.75 0.6452800000 2.75 0.6452800000 1 P 16
A 2.75 0.6452800000 2.8400000000 0.6452800000 2.7950000000 0.6452800000 1 P 16 N
L 2.14 0.1452800000 2.14 0.1452800000 1 P 16
A 2.14 0.1452800000 2.0500000000 0.1452800000 2.095 0.1452800000 1 P 16 N
L 2.0500000000 0.1452800000 2.0500000000 0.1452800000 1 P 16
A 2.0500000000 0.1452800000 2.14 0.1452800000 2.095 0.1452800000 1 P 16 N
L 2.8409400000 0.27028 2.8409400000 0.27028 1 P 16
A 2.8409400000 0.27028 2.7509400000 0.27028 2.7959400000 0.27028 1 P 16 N
L 2.7509400000 0.27028 2.7509400000 0.27028 1 P 16
A 2.7509400000 0.27028 2.8409400000 0.27028 2.7959400000 0.27028 1 P 16 N
L 2.3609400000 0.4043400000 2.4790500000 0.4043400000 1 P 16
L 2.3609400000 0.3945 2.3609400000 0.4043400000 1 P 16
L 2.4790500000 0.3945 2.4790500000 0.4043400000 1 P 16
L 2.3609400000 0.2862300000 2.3609400000 0.2960700000 1 P 16
L 2.3609400000 0.2862300000 2.4790500000 0.2862300000 1 P 16
L 2.4790500000 0.2862300000 2.4790500000 0.2960700000 1 P 16
L 2.1950000000 0.58028 2.1950000000 0.59528 1 P 16
L 2.16 0.59528 2.1950000000 0.59528 1 P 16
L 2.1950000000 0.4952800000 2.1950000000 0.5102800000 1 P 16
L 2.16 0.4952800000 2.1950000000 0.4952800000 1 P 16
L 1.4700000000 0.4202800000 1.9700000000 0.4202800000 1 P 16
L 1.8450000000 0.2952800000 1.8450000000 0.5452800000 1 P 16
L 1.7200000000 0.2952800000 1.7200000000 0.5452800000 1 P 16
L 1.5950000000 0.5102800000 1.5950000000 0.5452800000 1 P 16
L 1.5950000000 0.2952800000 1.5950000000 0.5402800000 1 P 16
L 1.4700000000 0.2952800000 1.4700000000 0.5452800000 1 P 16
L 1.4700000000 0.5452800000 1.9700000000 0.5452800000 1 P 16
L 1.9700000000 0.2952800000 1.9700000000 0.5452800000 1 P 16
L 1.4700000000 0.2952800000 1.9700000000 0.2952800000 1 P 16
L 2.6782800000 1.73028 2.895 1.73028 1 P 16
L 2.895 0 2.895 1.73028 1 P 16
L 1.3752000000 1.5699 1.3752000000 1.5829700000 1 P 16
L 1.37488 1.58328 1.3752000000 1.5829700000 1 P 16
L 1.3198800000 1.58328 1.37488 1.58328 1 P 16
L 1.37531 0.9332800000 1.37531 0.94793 1 P 16
L 1.3198800000 0.9332800000 1.37531 0.9332800000 1 P 16
L 1.3752000000 1.5699 1.3988200000 1.5699 1 P 16
L 1.3988200000 1.55021 1.3988200000 1.5699 1 P 16
L 1.40287 0.94793 1.40287 0.9636800000 1 P 16
L 1.37531 0.94793 1.40287 0.94793 1 P 16
L 2.1716800000 0.41863 2.16501 0.42529 1 P 16
L 2.16501 0.42529 2.16501 0.43862 1 P 16
L 2.16501 0.43862 2.1716800000 0.44528 1 P 16
L 2.1716800000 0.44528 2.1983400000 0.44528 1 P 16
L 2.1983400000 0.44528 2.205 0.43862 1 P 16
L 2.205 0.43862 2.205 0.42529 1 P 16
L 2.205 0.42529 2.1983400000 0.41863 1 P 16
L 2.16501 0.4053000000 2.16501 0.3786400000 1 P 16
L 2.16501 0.3786400000 2.1716800000 0.3786400000 1 P 16
L 2.1716800000 0.3786400000 2.1983400000 0.4053000000 1 P 16
L 2.1983400000 0.4053000000 2.205 0.4053000000 1 P 16
L 0.4700000000 0.2452800000 0.4700000000 0.2452800000 1 P 16
A 0.4700000000 0.2452800000 0.5700000000 0.2452800000 0.52 0.2452800000 1 P 16 N
L 0.5700000000 1.47028 0.5700000000 1.47028 1 P 16
A 0.5700000000 1.47028 0.4700000000 1.47028 0.52 1.47028 1 P 16 N
L 0.6200000000 1.6852800000 0.8200000000 1.6852800000 1 P 16
L 0.8200000000 1.6852800000 0.8650000000 1.73028 1 P 16
L 0.8650000000 1.73028 3.3200000000 1.73028 1 P 16
L 0.5750000000 1.73028 0.6200000000 1.6852800000 1 P 16
L 0 0 3.3155 0 1 P 16
L 0 0 0 1.7300000000 1 P 16
L 0.5700000000 0.2452800000 0.5700000000 1.47028 1 P 16
L 0.4700000000 0.2452800000 0.4700000000 1.47028 1 P 16
L 3.3200000000 0.0002800000 3.3200000000 1.73028 1 P 16
L 3.3155 0 3.3200000000 0.0002800000 1 P 16
L 0 1.7300000000 0.5750000000 1.73028 1 P 16
L 1.925 0.5052700000 1.925 0.45528 2 P 17
L 1.925 0.5052700000 1.90358 0.5052700000 2 P 17
L 1.90358 0.5052700000 1.8964400000 0.5028900000 2 P 17
L 1.8964400000 0.5028900000 1.89405 0.50051 2 P 17
L 1.89405 0.50051 1.8916700000 0.49575 2 P 17
L 1.8916700000 0.49575 1.8916700000 0.4909900000 2 P 17
L 1.8916700000 0.4909900000 1.89405 0.4862300000 2 P 17
L 1.89405 0.4862300000 1.8964400000 0.48385 2 P 17
L 1.8964400000 0.48385 1.90358 0.48147 2 P 17
L 1.925 0.48147 1.90358 0.48147 2 P 17
L 1.90358 0.48147 1.8964400000 0.47909 2 P 17
L 1.8964400000 0.47909 1.89405 0.47671 2 P 17
L 1.89405 0.47671 1.8916700000 0.4719500000 2 P 17
L 1.8916700000 0.4719500000 1.8916700000 0.46481 2 P 17
L 1.8916700000 0.46481 1.89405 0.46005 2 P 17
L 1.89405 0.46005 1.8964400000 0.45766 2 P 17
L 1.8964400000 0.45766 1.90358 0.45528 2 P 17
L 1.90358 0.45528 1.925 0.45528 2 P 17
L 1.88829 0.3743700000 1.89067 0.37913 2 P 17
L 1.89067 0.37913 1.8954300000 0.38389 2 P 17
L 1.8954300000 0.38389 1.9002000000 0.38627 2 P 17
L 1.9002000000 0.38627 1.90972 0.38627 2 P 17
L 1.90972 0.38627 1.9144800000 0.38389 2 P 17
L 1.9144800000 0.38389 1.91924 0.37913 2 P 17
L 1.91924 0.37913 1.92162 0.3743700000 2 P 17
L 1.92162 0.3743700000 1.9240000000 0.36723 2 P 17
L 1.9240000000 0.36723 1.9240000000 0.3553300000 2 P 17
L 1.9240000000 0.3553300000 1.92162 0.3481900000 2 P 17
L 1.92162 0.3481900000 1.91924 0.34343 2 P 17
L 1.91924 0.34343 1.9144800000 0.33866 2 P 17
L 1.9144800000 0.33866 1.90972 0.33628 2 P 17
L 1.90972 0.33628 1.9002000000 0.33628 2 P 17
L 1.9002000000 0.33628 1.8954300000 0.33866 2 P 17
L 1.8954300000 0.33866 1.89067 0.34343 2 P 17
L 1.89067 0.34343 1.88829 0.3481900000 2 P 17
L 2.14421 0.27028 2.14421 0.32278 3 P 42
L 2.04579 0.27028 2.04579 0.32278 3 P 42
L 2.14421 0.37778 2.14421 0.4202800000 3 P 42
L 2.04579 0.37778 2.04579 0.4202800000 3 P 42
L 2.04579 0.27028 2.055 0.27028 3 P 42
L 2.1350000000 0.27028 2.14421 0.27028 3 P 42
L 2.1350000000 0.4202800000 2.14421 0.4202800000 3 P 42
L 2.04579 0.4202800000 2.055 0.4202800000 3 P 42
L 2.6457900000 0.27028 2.6550000000 0.27028 3 P 42
L 2.7350000000 0.27028 2.7442100000 0.27028 3 P 42
L 2.7350000000 0.1202800000 2.7442100000 0.1202800000 3 P 42
L 2.6457900000 0.1202800000 2.6550000000 0.1202800000 3 P 42
L 2.6457900000 0.22778 2.6457900000 0.27028 3 P 42
L 2.7442100000 0.22778 2.7442100000 0.27028 3 P 42
L 2.6457900000 0.1202800000 2.6457900000 0.1727800000 3 P 42
L 2.7442100000 0.1202800000 2.7442100000 0.1727800000 3 P 42
L 3.2 0.7702800000 3.2 0.7952800000 3 P 42
L 3.2 0.7952800000 3.24 0.7952800000 3 P 42
L 3.24 0.7702800000 3.24 0.7952800000 3 P 42
L 3.24 0.69528 3.24 0.72028 3 P 42
L 3.2 0.69528 3.24 0.69528 3 P 42
L 3.2 0.69528 3.2 0.72028 3 P 42
L 1.925 0.74528 1.925 0.7702800000 3 P 42
L 1.925 0.7702800000 1.965 0.7702800000 3 P 42
L 1.965 0.74528 1.965 0.7702800000 3 P 42
L 1.965 0.6702800000 1.965 0.69528 3 P 42
L 1.925 0.6702800000 1.965 0.6702800000 3 P 42
L 1.925 0.6702800000 1.925 0.69528 3 P 42
L 2.35 0.6702800000 2.35 0.69528 3 P 42
L 2.35 0.6702800000 2.39 0.6702800000 3 P 42
L 2.39 0.6702800000 2.39 0.69528 3 P 42
L 2.39 0.74528 2.39 0.7702800000 3 P 42
L 2.35 0.7702800000 2.39 0.7702800000 3 P 42
L 2.35 0.74528 2.35 0.7702800000 3 P 42
L 2.25 1.57278 2.2560000000 1.57278 3 P 42
L 2.25 1.5177800000 2.25 1.57278 3 P 42
L 2.25 1.5177800000 2.2590000000 1.5177800000 3 P 42
L 2.3810000000 1.5177800000 2.3890000000 1.5177800000 3 P 42
L 2.39 1.5177800000 2.39 1.57278 3 P 42
L 2.3810000000 1.57278 2.39 1.57278 3 P 42
L 1.3225 0.5002800000 1.3225 0.5062800000 3 P 42
L 1.2675 0.5002800000 1.3225 0.5002800000 3 P 42
L 1.2675 0.5002800000 1.2675 0.5092800000 3 P 42
L 1.2675 0.6312800000 1.2675 0.6392800000 3 P 42
L 1.2675 0.6402800000 1.3225 0.6402800000 3 P 42
L 1.3225 0.6312800000 1.3225 0.6402800000 3 P 42
L 2.156 1.57278 2.165 1.57278 3 P 42
L 2.165 1.5177800000 2.165 1.57278 3 P 42
L 2.156 1.5177800000 2.164 1.5177800000 3 P 42
L 2.0250000000 1.5177800000 2.0340000000 1.5177800000 3 P 42
L 2.0250000000 1.5177800000 2.0250000000 1.57278 3 P 42
L 2.0250000000 1.57278 2.031 1.57278 3 P 42
L 1.3225 0.8812800000 1.3225 0.8902800000 3 P 42
L 1.2675 0.8902800000 1.3225 0.8902800000 3 P 42
L 1.2675 0.8812800000 1.2675 0.8892800000 3 P 42
L 1.2675 0.7502800000 1.2675 0.7592800000 3 P 42
L 1.2675 0.7502800000 1.3225 0.7502800000 3 P 42
L 1.3225 0.7502800000 1.3225 0.7562800000 3 P 42
L 2.5650000000 0.4702800000 2.5650000000 0.4952800000 3 P 42
L 2.5250000000 0.4702800000 2.5650000000 0.4702800000 3 P 42
L 2.5250000000 0.4702800000 2.5250000000 0.4952800000 3 P 42
L 2.5250000000 0.5452800000 2.5250000000 0.57028 3 P 42
L 2.5250000000 0.57028 2.5650000000 0.57028 3 P 42
L 2.5650000000 0.5452800000 2.5650000000 0.57028 3 P 42
L 2.265 0.19528 2.265 0.22028 3 P 42
L 2.225 0.19528 2.265 0.19528 3 P 42
L 2.225 0.19528 2.225 0.22028 3 P 42
L 2.225 0.27028 2.225 0.2952800000 3 P 42
L 2.225 0.2952800000 2.265 0.2952800000 3 P 42
L 2.265 0.27028 2.265 0.2952800000 3 P 42
L 2.5900000000 0.1452800000 2.5900000000 0.1702800000 3 P 42
L 2.5500000000 0.1452800000 2.5900000000 0.1452800000 3 P 42
L 2.5500000000 0.1452800000 2.5500000000 0.1702800000 3 P 42
L 2.5500000000 0.22028 2.5500000000 0.2452800000 3 P 42
L 2.5500000000 0.2452800000 2.5900000000 0.2452800000 3 P 42
L 2.5900000000 0.22028 2.5900000000 0.2452800000 3 P 42
L 2.665 0.4702800000 2.665 0.4952800000 3 P 42
L 2.625 0.4702800000 2.665 0.4702800000 3 P 42
L 2.625 0.4702800000 2.625 0.4952800000 3 P 42
L 2.625 0.5452800000 2.625 0.57028 3 P 42
L 2.625 0.57028 2.665 0.57028 3 P 42
L 2.665 0.5452800000 2.665 0.57028 3 P 42
L 1.55 1.5177800000 1.556 1.5177800000 3 P 42
L 1.55 1.5177800000 1.55 1.57278 3 P 42
L 1.55 1.57278 1.5590000000 1.57278 3 P 42
L 1.681 1.57278 1.689 1.57278 3 P 42
L 1.6900000000 1.5177800000 1.6900000000 1.57278 3 P 42
L 1.681 1.5177800000 1.6900000000 1.5177800000 3 P 42
L 0.92 1.5902800000 0.9450000000 1.5902800000 3 P 42
L 0.92 1.55028 0.92 1.5902800000 3 P 42
L 0.92 1.55028 0.9450000000 1.55028 3 P 42
L 0.9950000000 1.55028 1.02 1.55028 3 P 42
L 1.02 1.55028 1.02 1.5902800000 3 P 42
L 0.9950000000 1.5902800000 1.02 1.5902800000 3 P 42
L 1.5250000000 0.6702800000 1.5250000000 0.69528 3 P 42
L 1.5250000000 0.6702800000 1.5650000000 0.6702800000 3 P 42
L 1.5650000000 0.6702800000 1.5650000000 0.69528 3 P 42
L 1.5650000000 0.74528 1.5650000000 0.7702800000 3 P 42
L 1.5250000000 0.7702800000 1.5650000000 0.7702800000 3 P 42
L 1.5250000000 0.74528 1.5250000000 0.7702800000 3 P 42
L 2.4450000000 0.58528 2.4450000000 0.5945 3 P 42
L 2.4450000000 0.49607 2.4450000000 0.5052800000 3 P 42
L 2.2950000000 0.49607 2.2950000000 0.5052800000 3 P 42
L 2.2950000000 0.58528 2.2950000000 0.5945 3 P 42
L 2.4025000000 0.5945 2.4450000000 0.5945 3 P 42
L 2.4025000000 0.49607 2.4450000000 0.49607 3 P 42
L 2.2950000000 0.5945 2.3475 0.5945 3 P 42
L 2.2950000000 0.49607 2.3475 0.49607 3 P 42
L 2.725 0.32028 2.725 0.3452800000 3 P 42
L 2.725 0.32028 2.765 0.32028 3 P 42
L 2.765 0.32028 2.765 0.3452800000 3 P 42
L 2.765 0.39528 2.765 0.4202800000 3 P 42
L 2.725 0.4202800000 2.765 0.4202800000 3 P 42
L 2.725 0.39528 2.725 0.4202800000 3 P 42
L 2.225 0.3452800000 2.225 0.3702800000 3 P 42
L 2.225 0.3452800000 2.265 0.3452800000 3 P 42
L 2.265 0.3452800000 2.265 0.3702800000 3 P 42
L 2.265 0.4202800000 2.265 0.44528 3 P 42
L 2.225 0.44528 2.265 0.44528 3 P 42
L 2.225 0.4202800000 2.225 0.44528 3 P 42
L 2.33 0.8610000000 2.41 0.8610000000 3 P 42
L 2.33 1.016 2.33 1.0510000000 3 P 42
L 2.33 1.0510000000 2.41 1.0510000000 3 P 42
L 2.41 1.016 2.41 1.0510000000 3 P 42
L 2.41 0.8610000000 2.41 0.896 3 P 42
L 2.33 0.8610000000 2.33 0.896 3 P 42
L 1.806 1.51428 1.806 1.52828 4 P 44
L 1.834 1.51428 1.834 1.52828 4 P 44
L 1.834 1.56128 1.834 1.5762800000 4 P 44
L 1.806 1.51428 1.834 1.51428 4 P 44
L 1.806 1.56128 1.806 1.5762800000 4 P 44
L 1.806 1.5762800000 1.834 1.5762800000 4 P 44
L 1.881 1.51428 1.881 1.52828 4 P 44
L 1.909 1.51428 1.909 1.52828 4 P 44
L 1.909 1.56128 1.909 1.5762800000 4 P 44
L 1.881 1.51428 1.909 1.51428 4 P 44
L 1.881 1.56128 1.881 1.5762800000 4 P 44
L 1.881 1.5762800000 1.909 1.5762800000 4 P 44
L 1.4840000000 0.98728 1.4840000000 1.0012800000 4 P 44
L 1.4560000000 0.98728 1.4560000000 1.0012800000 4 P 44
L 1.4560000000 0.93928 1.4560000000 0.95428 4 P 44
L 1.4560000000 1.0012800000 1.4840000000 1.0012800000 4 P 44
L 1.4840000000 0.93928 1.4840000000 0.95428 4 P 44
L 1.4560000000 0.93928 1.4840000000 0.93928 4 P 44
L 1.731 1.51428 1.731 1.52828 4 P 44
L 1.7590000000 1.51428 1.7590000000 1.52828 4 P 44
L 1.7590000000 1.56128 1.7590000000 1.5762800000 4 P 44
L 1.731 1.51428 1.7590000000 1.51428 4 P 44
L 1.731 1.56128 1.731 1.5762800000 4 P 44
L 1.731 1.5762800000 1.7590000000 1.5762800000 4 P 44
L 2.6310000000 0.33928 2.6590000000 0.33928 4 P 44
L 2.6590000000 0.33928 2.6590000000 0.3542800000 4 P 44
L 2.6310000000 0.40128 2.6590000000 0.40128 4 P 44
L 2.6310000000 0.33928 2.6310000000 0.3542800000 4 P 44
L 2.6310000000 0.38728 2.6310000000 0.40128 4 P 44
L 2.6590000000 0.38728 2.6590000000 0.40128 4 P 44
L 2.556 0.33928 2.584 0.33928 4 P 44
L 2.584 0.33928 2.584 0.3542800000 4 P 44
L 2.556 0.40128 2.584 0.40128 4 P 44
L 2.556 0.33928 2.556 0.3542800000 4 P 44
L 2.556 0.38728 2.556 0.40128 4 P 44
L 2.584 0.38728 2.584 0.40128 4 P 44
L 1.4560000000 1.08928 1.4840000000 1.08928 4 P 44
L 1.4840000000 1.08928 1.4840000000 1.1042800000 4 P 44
L 1.4560000000 1.15128 1.4840000000 1.15128 4 P 44
L 1.4560000000 1.08928 1.4560000000 1.1042800000 4 P 44
L 1.4560000000 1.13728 1.4560000000 1.15128 4 P 44
L 1.4840000000 1.13728 1.4840000000 1.15128 4 P 44
L 1.264 0.70928 1.278 0.70928 4 P 44
L 1.264 0.6812800000 1.278 0.6812800000 4 P 44
L 1.3110000000 0.6812800000 1.326 0.6812800000 4 P 44
L 1.264 0.6812800000 1.264 0.70928 4 P 44
L 1.3110000000 0.70928 1.326 0.70928 4 P 44
L 1.326 0.6812800000 1.326 0.70928 4 P 44
L 1.9560000000 1.5762800000 1.9840000000 1.5762800000 4 P 44
L 1.9560000000 1.56128 1.9560000000 1.5762800000 4 P 44
L 1.9560000000 1.51428 1.9840000000 1.51428 4 P 44
L 1.9840000000 1.56128 1.9840000000 1.5762800000 4 P 44
L 1.9840000000 1.51428 1.9840000000 1.52828 4 P 44
L 1.9560000000 1.51428 1.9560000000 1.52828 4 P 44
L 1.3614400000 1.65575 1.3633400000 1.6595600000 4 P 44
L 1.3633400000 1.6595600000 1.36715 1.66337 4 P 44
L 1.36715 1.66337 1.3709600000 1.66527 4 P 44
L 1.3709600000 1.66527 1.37857 1.66527 4 P 44
L 1.37857 1.66527 1.3823800000 1.66337 4 P 44
L 1.3823800000 1.66337 1.38619 1.6595600000 4 P 44
L 1.38619 1.6595600000 1.3881000000 1.65575 4 P 44
L 1.3881000000 1.65575 1.3900000000 1.6500400000 4 P 44
L 1.3900000000 1.6500400000 1.3900000000 1.6405200000 4 P 44
L 1.3900000000 1.6405200000 1.3881000000 1.63481 4 P 44
L 1.3881000000 1.63481 1.38619 1.631 4 P 44
L 1.38619 1.631 1.3823800000 1.6271900000 4 P 44
L 1.3823800000 1.6271900000 1.37857 1.62528 4 P 44
L 1.37857 1.62528 1.3709600000 1.62528 4 P 44
L 1.3709600000 1.62528 1.36715 1.6271900000 4 P 44
L 1.36715 1.6271900000 1.3633400000 1.631 4 P 44
L 1.3633400000 1.631 1.3614400000 1.63481 4 P 44
L 1.3502 1.66527 1.3502 1.62528 4 P 44
L 1.3502 1.66527 1.3235400000 1.62528 4 P 44
L 1.3235400000 1.66527 1.3235400000 1.62528 4 P 44
L 1.30868 1.66527 1.28774 1.66527 4 P 44
L 1.28774 1.66527 1.29916 1.6500400000 4 P 44
L 1.29916 1.6500400000 1.2934500000 1.6500400000 4 P 44
L 1.2934500000 1.6500400000 1.2896400000 1.6481400000 4 P 44
L 1.2896400000 1.6481400000 1.28774 1.64623 4 P 44
L 1.28774 1.64623 1.28583 1.6405200000 4 P 44
L 1.28583 1.6405200000 1.28583 1.63671 4 P 44
L 1.28583 1.63671 1.28774 1.631 4 P 44
L 1.28774 1.631 1.2915500000 1.6271900000 4 P 44
L 1.2915500000 1.6271900000 1.29726 1.62528 4 P 44
L 1.29726 1.62528 1.3029700000 1.62528 4 P 44
L 1.3029700000 1.62528 1.30868 1.6271900000 4 P 44
L 1.30868 1.6271900000 1.3105900000 1.6290900000 4 P 44
L 1.3105900000 1.6290900000 1.3124900000 1.6329 4 P 44
L 2.72501 0.5 2.765 0.5 4 P 44
L 2.765 0.5 2.765 0.47715 4 P 44
L 2.7345300000 0.47086 2.7326300000 0.47086 4 P 44
L 2.7326300000 0.47086 2.7288200000 0.4689600000 4 P 44
L 2.7288200000 0.4689600000 2.72691 0.46705 4 P 44
L 2.72691 0.46705 2.72501 0.4632500000 4 P 44
L 2.72501 0.4632500000 2.72501 0.4556300000 4 P 44
L 2.72501 0.4556300000 2.72691 0.4518200000 4 P 44
L 2.72691 0.4518200000 2.7288200000 0.4499200000 4 P 44
L 2.7288200000 0.4499200000 2.7326300000 0.44801 4 P 44
L 2.7326300000 0.44801 2.7364300000 0.44801 4 P 44
L 2.7364300000 0.44801 2.74024 0.4499200000 4 P 44
L 2.74024 0.4499200000 2.74596 0.45372 4 P 44
L 2.74596 0.45372 2.765 0.47277 4 P 44
L 2.765 0.47277 2.765 0.44611 4 P 44
L 1.50953 1.12172 1.5057200000 1.12362 4 P 44
L 1.5057200000 1.12362 1.50191 1.1274300000 4 P 44
L 1.50191 1.1274300000 1.50001 1.13124 4 P 44
L 1.50001 1.13124 1.50001 1.1388600000 4 P 44
L 1.50001 1.1388600000 1.50191 1.14267 4 P 44
L 1.50191 1.14267 1.5057200000 1.14647 4 P 44
L 1.5057200000 1.14647 1.50953 1.1483800000 4 P 44
L 1.50953 1.1483800000 1.5152400000 1.1502800000 4 P 44
L 1.5152400000 1.1502800000 1.5247700000 1.1502800000 4 P 44
L 1.5247700000 1.1502800000 1.53048 1.1483800000 4 P 44
L 1.53048 1.1483800000 1.5342900000 1.14647 4 P 44
L 1.5342900000 1.14647 1.5381 1.14267 4 P 44
L 1.5381 1.14267 1.54 1.1388600000 4 P 44
L 1.54 1.1388600000 1.54 1.13124 4 P 44
L 1.54 1.13124 1.5381 1.1274300000 4 P 44
L 1.5381 1.1274300000 1.5342900000 1.12362 4 P 44
L 1.5342900000 1.12362 1.53048 1.12172 4 P 44
L 1.5057200000 1.08763 1.50191 1.08953 4 P 44
L 1.50191 1.08953 1.50001 1.09525 4 P 44
L 1.50001 1.09525 1.50001 1.0990600000 4 P 44
L 1.50001 1.0990600000 1.50191 1.10477 4 P 44
L 1.50191 1.10477 1.50763 1.1085800000 4 P 44
L 1.50763 1.1085800000 1.5171500000 1.1104800000 4 P 44
L 1.5171500000 1.1104800000 1.5266700000 1.1104800000 4 P 44
L 1.5266700000 1.1104800000 1.5342900000 1.1085800000 4 P 44
L 1.5342900000 1.1085800000 1.5381 1.10477 4 P 44
L 1.5381 1.10477 1.54 1.0990600000 4 P 44
L 1.54 1.0990600000 1.54 1.09715 4 P 44
L 1.54 1.09715 1.5381 1.0914400000 4 P 44
L 1.5381 1.0914400000 1.5342900000 1.08763 4 P 44
L 1.5342900000 1.08763 1.5285700000 1.08573 4 P 44
L 1.5285700000 1.08573 1.5266700000 1.08573 4 P 44
L 1.5266700000 1.08573 1.52096 1.08763 4 P 44
L 1.52096 1.08763 1.5171500000 1.0914400000 4 P 44
L 1.5171500000 1.0914400000 1.5152400000 1.09715 4 P 44
L 1.5152400000 1.09715 1.5152400000 1.0990600000 4 P 44
L 1.5152400000 1.0990600000 1.5171500000 1.10477 4 P 44
L 1.5171500000 1.10477 1.52096 1.1085800000 4 P 44
L 1.52096 1.1085800000 1.5266700000 1.1104800000 4 P 44
L 2.51453 0.3767200000 2.51072 0.37862 4 P 44
L 2.51072 0.37862 2.5069100000 0.3824300000 4 P 44
L 2.5069100000 0.3824300000 2.5050100000 0.38624 4 P 44
L 2.5050100000 0.38624 2.5050100000 0.3938600000 4 P 44
L 2.5050100000 0.3938600000 2.5069100000 0.39767 4 P 44
L 2.5069100000 0.39767 2.51072 0.40148 4 P 44
L 2.51072 0.40148 2.51453 0.40338 4 P 44
L 2.51453 0.40338 2.5202400000 0.4052800000 4 P 44
L 2.5202400000 0.4052800000 2.52976 0.4052800000 4 P 44
L 2.52976 0.4052800000 2.53548 0.40338 4 P 44
L 2.53548 0.40338 2.5392900000 0.40148 4 P 44
L 2.5392900000 0.40148 2.5431000000 0.39767 4 P 44
L 2.5431000000 0.39767 2.5450000000 0.3938600000 4 P 44
L 2.5450000000 0.3938600000 2.5450000000 0.38624 4 P 44
L 2.5450000000 0.38624 2.5431000000 0.3824300000 4 P 44
L 2.5431000000 0.3824300000 2.5392900000 0.37862 4 P 44
L 2.5392900000 0.37862 2.53548 0.3767200000 4 P 44
L 2.5050100000 0.3426300000 2.5050100000 0.3616700000 4 P 44
L 2.5050100000 0.3616700000 2.5221500000 0.36358 4 P 44
L 2.5221500000 0.36358 2.5202400000 0.3616700000 4 P 44
L 2.5202400000 0.3616700000 2.5183400000 0.3559600000 4 P 44
L 2.5183400000 0.3559600000 2.5183400000 0.35025 4 P 44
L 2.5183400000 0.35025 2.5202400000 0.34453 4 P 44
L 2.5202400000 0.34453 2.5240500000 0.3407300000 4 P 44
L 2.5240500000 0.3407300000 2.52976 0.33882 4 P 44
L 2.52976 0.33882 2.53357 0.33882 4 P 44
L 2.53357 0.33882 2.5392900000 0.3407300000 4 P 44
L 2.5392900000 0.3407300000 2.5431000000 0.34453 4 P 44
L 2.5431000000 0.34453 2.5450000000 0.35025 4 P 44
L 2.5450000000 0.35025 2.5450000000 0.3559600000 4 P 44
L 2.5450000000 0.3559600000 2.5431000000 0.3616700000 4 P 44
L 2.5431000000 0.3616700000 2.5411900000 0.36358 4 P 44
L 2.5411900000 0.36358 2.53738 0.36548 4 P 44
L 2.67953 0.3767200000 2.67572 0.37862 4 P 44
L 2.67572 0.37862 2.67191 0.3824300000 4 P 44
L 2.67191 0.3824300000 2.6700100000 0.38624 4 P 44
L 2.6700100000 0.38624 2.6700100000 0.3938600000 4 P 44
L 2.6700100000 0.3938600000 2.67191 0.39767 4 P 44
L 2.67191 0.39767 2.67572 0.40148 4 P 44
L 2.67572 0.40148 2.67953 0.40338 4 P 44
L 2.67953 0.40338 2.6852400000 0.4052800000 4 P 44
L 2.6852400000 0.4052800000 2.69477 0.4052800000 4 P 44
L 2.69477 0.4052800000 2.70048 0.40338 4 P 44
L 2.70048 0.40338 2.7042900000 0.40148 4 P 44
L 2.7042900000 0.40148 2.7081000000 0.39767 4 P 44
L 2.7081000000 0.39767 2.7100000000 0.3938600000 4 P 44
L 2.7100000000 0.3938600000 2.7100000000 0.38624 4 P 44
L 2.7100000000 0.38624 2.7081000000 0.3824300000 4 P 44
L 2.7081000000 0.3824300000 2.7042900000 0.37862 4 P 44
L 2.7042900000 0.37862 2.70048 0.3767200000 4 P 44
L 2.6700100000 0.34644 2.69667 0.36548 4 P 44
L 2.69667 0.36548 2.69667 0.3369200000 4 P 44
L 2.6700100000 0.34644 2.7100000000 0.34644 4 P 44
L 1.3667200000 0.652 1.4067200000 0.652 4 P 44
L 1.3667200000 0.652 1.3667200000 0.6348600000 4 P 44
L 1.3667200000 0.6348600000 1.36863 0.6291500000 4 P 44
L 1.36863 0.6291500000 1.37053 0.62724 4 P 44
L 1.37053 0.62724 1.3743400000 0.62534 4 P 44
L 1.3743400000 0.62534 1.3781500000 0.62534 4 P 44
L 1.3781500000 0.62534 1.38196 0.62724 4 P 44
L 1.38196 0.62724 1.38386 0.6291500000 4 P 44
L 1.38386 0.6291500000 1.3857700000 0.6348600000 4 P 44
L 1.3857700000 0.6348600000 1.3857700000 0.652 4 P 44
L 1.3857700000 0.6386700000 1.4067200000 0.62534 4 P 44
L 1.3876700000 0.6163900000 1.3876700000 0.5992500000 4 P 44
L 1.3876700000 0.5992500000 1.3857700000 0.5935400000 4 P 44
L 1.3857700000 0.5935400000 1.38386 0.5916300000 4 P 44
L 1.38386 0.5916300000 1.3800500000 0.5897300000 4 P 44
L 1.3800500000 0.5897300000 1.3743400000 0.5897300000 4 P 44
L 1.3743400000 0.5897300000 1.37053 0.5916300000 4 P 44
L 1.37053 0.5916300000 1.36863 0.5935400000 4 P 44
L 1.36863 0.5935400000 1.3667200000 0.5992500000 4 P 44
L 1.3667200000 0.5992500000 1.3667200000 0.6163900000 4 P 44
L 1.3667200000 0.6163900000 1.4067200000 0.6163900000 4 P 44
L 1.3667200000 0.5579200000 1.3667200000 0.5769700000 4 P 44
L 1.3667200000 0.5769700000 1.38386 0.5788700000 4 P 44
L 1.38386 0.5788700000 1.38196 0.5769700000 4 P 44
L 1.38196 0.5769700000 1.3800500000 0.5712600000 4 P 44
L 1.3800500000 0.5712600000 1.3800500000 0.56554 4 P 44
L 1.3800500000 0.56554 1.38196 0.55983 4 P 44
L 1.38196 0.55983 1.3857700000 0.5560200000 4 P 44
L 1.3857700000 0.5560200000 1.39148 0.5541200000 4 P 44
L 1.39148 0.5541200000 1.3952900000 0.5541200000 4 P 44
L 1.3952900000 0.5541200000 1.401 0.5560200000 4 P 44
L 1.401 0.5560200000 1.4048100000 0.55983 4 P 44
L 1.4048100000 0.55983 1.4067200000 0.56554 4 P 44
L 1.4067200000 0.56554 1.4067200000 0.5712600000 4 P 44
L 1.4067200000 0.5712600000 1.4048100000 0.5769700000 4 P 44
L 1.4048100000 0.5769700000 1.40291 0.5788700000 4 P 44
L 1.40291 0.5788700000 1.3991 0.5807800000 4 P 44
L 1.3639500000 0.87128 1.4039400000 0.87128 4 P 44
L 1.3639500000 0.87128 1.3639500000 0.85414 4 P 44
L 1.3639500000 0.85414 1.36585 0.84843 4 P 44
L 1.36585 0.84843 1.36775 0.84653 4 P 44
L 1.36775 0.84653 1.3715600000 0.84462 4 P 44
L 1.3715600000 0.84462 1.3753700000 0.84462 4 P 44
L 1.3753700000 0.84462 1.37918 0.84653 4 P 44
L 1.37918 0.84653 1.3810900000 0.84843 4 P 44
L 1.3810900000 0.84843 1.3829900000 0.85414 4 P 44
L 1.3829900000 0.85414 1.3829900000 0.87128 4 P 44
L 1.3829900000 0.8579500000 1.4039400000 0.84462 4 P 44
L 1.3848900000 0.83567 1.3848900000 0.8185300000 4 P 44
L 1.3848900000 0.8185300000 1.3829900000 0.8128200000 4 P 44
L 1.3829900000 0.8128200000 1.3810900000 0.8109200000 4 P 44
L 1.3810900000 0.8109200000 1.37728 0.80901 4 P 44
L 1.37728 0.80901 1.3715600000 0.80901 4 P 44
L 1.3715600000 0.80901 1.36775 0.8109200000 4 P 44
L 1.36775 0.8109200000 1.36585 0.8128200000 4 P 44
L 1.36585 0.8128200000 1.3639500000 0.8185300000 4 P 44
L 1.3639500000 0.8185300000 1.3639500000 0.83567 4 P 44
L 1.3639500000 0.83567 1.4039400000 0.83567 4 P 44
L 1.3639500000 0.78102 1.3906100000 0.8000600000 4 P 44
L 1.3906100000 0.8000600000 1.3906100000 0.7715000000 4 P 44
L 1.3639500000 0.78102 1.4039400000 0.78102 4 P 44
L 2.3672400000 1.65128 2.3672400000 1.61128 4 P 44
L 2.3672400000 1.65128 2.3501100000 1.65128 4 P 44
L 2.3501100000 1.65128 2.34439 1.64937 4 P 44
L 2.34439 1.64937 2.34249 1.6474700000 4 P 44
L 2.34249 1.6474700000 2.34058 1.6436600000 4 P 44
L 2.34058 1.6436600000 2.34058 1.63985 4 P 44
L 2.34058 1.63985 2.34249 1.6360400000 4 P 44
L 2.34249 1.6360400000 2.34439 1.6341400000 4 P 44
L 2.34439 1.6341400000 2.3501100000 1.63223 4 P 44
L 2.3501100000 1.63223 2.3672400000 1.63223 4 P 44
L 2.3539100000 1.63223 2.34058 1.61128 4 P 44
L 2.33163 1.63033 2.31449 1.63033 4 P 44
L 2.31449 1.63033 2.30878 1.63223 4 P 44
L 2.30878 1.63223 2.30688 1.6341400000 4 P 44
L 2.30688 1.6341400000 2.3049700000 1.63795 4 P 44
L 2.3049700000 1.63795 2.3049700000 1.6436600000 4 P 44
L 2.3049700000 1.6436600000 2.30688 1.6474700000 4 P 44
L 2.30688 1.6474700000 2.30878 1.64937 4 P 44
L 2.30878 1.64937 2.31449 1.65128 4 P 44
L 2.31449 1.65128 2.33163 1.65128 4 P 44
L 2.33163 1.65128 2.33163 1.61128 4 P 44
L 2.2941200000 1.64175 2.2941200000 1.6436600000 4 P 44
L 2.2941200000 1.6436600000 2.2922100000 1.6474700000 4 P 44
L 2.2922100000 1.6474700000 2.2903100000 1.64937 4 P 44
L 2.2903100000 1.64937 2.2865 1.65128 4 P 44
L 2.2865 1.65128 2.27888 1.65128 4 P 44
L 2.27888 1.65128 2.2750700000 1.64937 4 P 44
L 2.2750700000 1.64937 2.2731700000 1.6474700000 4 P 44
L 2.2731700000 1.6474700000 2.2712700000 1.6436600000 4 P 44
L 2.2712700000 1.6436600000 2.2712700000 1.63985 4 P 44
L 2.2712700000 1.63985 2.2731700000 1.6360400000 4 P 44
L 2.2731700000 1.6360400000 2.27698 1.63033 4 P 44
L 2.27698 1.63033 2.2960200000 1.61128 4 P 44
L 2.2960200000 1.61128 2.2693600000 1.61128 4 P 44
L 2.1183400000 0.66027 2.145 0.62028 4 P 44
L 2.145 0.66027 2.1183400000 0.66027 4 P 44
L 2.145 0.62028 2.1183400000 0.62028 4 P 44
L 2.1093900000 0.65266 2.1055800000 0.65456 4 P 44
L 2.1055800000 0.65456 2.09987 0.66027 4 P 44
L 2.09987 0.66027 2.09987 0.62028 4 P 44
L 1.7150100000 1.6802800000 1.7550000000 1.6802800000 4 P 44
L 1.7150100000 1.6802800000 1.7150100000 1.66314 4 P 44
L 1.7150100000 1.66314 1.7169100000 1.6574300000 4 P 44
L 1.7169100000 1.6574300000 1.71882 1.6555300000 4 P 44
L 1.71882 1.6555300000 1.72263 1.65362 4 P 44
L 1.72263 1.65362 1.7264300000 1.65362 4 P 44
L 1.7264300000 1.65362 1.73024 1.6555300000 4 P 44
L 1.73024 1.6555300000 1.73215 1.6574300000 4 P 44
L 1.73215 1.6574300000 1.73405 1.66314 4 P 44
L 1.73405 1.66314 1.73405 1.6802800000 4 P 44
L 1.73405 1.6669500000 1.7550000000 1.65362 4 P 44
L 1.7150100000 1.63515 1.7169100000 1.6408600000 4 P 44
L 1.7169100000 1.6408600000 1.72072 1.64277 4 P 44
L 1.72072 1.64277 1.7245300000 1.64277 4 P 44
L 1.7245300000 1.64277 1.7283400000 1.6408600000 4 P 44
L 1.7283400000 1.6408600000 1.73024 1.6370600000 4 P 44
L 1.73024 1.6370600000 1.73215 1.6294400000 4 P 44
L 1.73215 1.6294400000 1.73405 1.6237300000 4 P 44
L 1.73405 1.6237300000 1.7378600000 1.61992 4 P 44
L 1.7378600000 1.61992 1.74167 1.6180100000 4 P 44
L 1.74167 1.6180100000 1.7473800000 1.6180100000 4 P 44
L 1.7473800000 1.6180100000 1.75119 1.61992 4 P 44
L 1.75119 1.61992 1.7531 1.62182 4 P 44
L 1.7531 1.62182 1.7550000000 1.6275300000 4 P 44
L 1.7550000000 1.6275300000 1.7550000000 1.63515 4 P 44
L 1.7550000000 1.63515 1.7531 1.6408600000 4 P 44
L 1.7531 1.6408600000 1.75119 1.64277 4 P 44
L 1.75119 1.64277 1.7473800000 1.64467 4 P 44
L 1.7473800000 1.64467 1.74167 1.64467 4 P 44
L 1.74167 1.64467 1.7378600000 1.64277 4 P 44
L 1.7378600000 1.64277 1.73405 1.6389600000 4 P 44
L 1.73405 1.6389600000 1.73215 1.63325 4 P 44
L 1.73215 1.63325 1.73024 1.6256300000 4 P 44
L 1.73024 1.6256300000 1.7283400000 1.62182 4 P 44
L 1.7283400000 1.62182 1.7245300000 1.61992 4 P 44
L 1.7245300000 1.61992 1.72072 1.61992 4 P 44
L 1.72072 1.61992 1.7169100000 1.62182 4 P 44
L 1.7169100000 1.62182 1.7150100000 1.6275300000 4 P 44
L 1.7150100000 1.6275300000 1.7150100000 1.63515 4 P 44
L 1.4999500000 1.00028 1.53994 1.00028 4 P 44
L 1.4999500000 1.00028 1.4999500000 0.98314 4 P 44
L 1.4999500000 0.98314 1.5018500000 0.97743 4 P 44
L 1.5018500000 0.97743 1.5037500000 0.97553 4 P 44
L 1.5037500000 0.97553 1.50756 0.97362 4 P 44
L 1.50756 0.97362 1.51137 0.97362 4 P 44
L 1.51137 0.97362 1.5151800000 0.97553 4 P 44
L 1.5151800000 0.97553 1.5170800000 0.97743 4 P 44
L 1.5170800000 0.97743 1.51899 0.98314 4 P 44
L 1.51899 0.98314 1.51899 1.00028 4 P 44
L 1.51899 0.9869500000 1.53994 0.97362 4 P 44
L 1.4999500000 0.93801 1.53994 0.9570500000 4 P 44
L 1.4999500000 0.96467 1.4999500000 0.93801 4 P 44
L 1.95001 1.6852800000 1.9900000000 1.6852800000 4 P 44
L 1.95001 1.6852800000 1.95001 1.6681400000 4 P 44
L 1.95001 1.6681400000 1.95191 1.66243 4 P 44
L 1.95191 1.66243 1.9538200000 1.66053 4 P 44
L 1.9538200000 1.66053 1.9576300000 1.6586200000 4 P 44
L 1.9576300000 1.6586200000 1.96143 1.6586200000 4 P 44
L 1.96143 1.6586200000 1.96524 1.66053 4 P 44
L 1.96524 1.66053 1.9671500000 1.66243 4 P 44
L 1.9671500000 1.66243 1.9690500000 1.6681400000 4 P 44
L 1.9690500000 1.6681400000 1.9690500000 1.6852800000 4 P 44
L 1.9690500000 1.67195 1.9900000000 1.6586200000 4 P 44
L 1.9557200000 1.6268200000 1.95191 1.62873 4 P 44
L 1.95191 1.62873 1.95001 1.6344400000 4 P 44
L 1.95001 1.6344400000 1.95001 1.6382500000 4 P 44
L 1.95001 1.6382500000 1.95191 1.64396 4 P 44
L 1.95191 1.64396 1.9576300000 1.6477700000 4 P 44
L 1.9576300000 1.6477700000 1.9671500000 1.6496700000 4 P 44
L 1.9671500000 1.6496700000 1.9766700000 1.6496700000 4 P 44
L 1.9766700000 1.6496700000 1.98429 1.6477700000 4 P 44
L 1.98429 1.6477700000 1.9881000000 1.64396 4 P 44
L 1.9881000000 1.64396 1.9900000000 1.6382500000 4 P 44
L 1.9900000000 1.6382500000 1.9900000000 1.6363400000 4 P 44
L 1.9900000000 1.6363400000 1.9881000000 1.63063 4 P 44
L 1.9881000000 1.63063 1.98429 1.6268200000 4 P 44
L 1.98429 1.6268200000 1.9785700000 1.6249200000 4 P 44
L 1.9785700000 1.6249200000 1.9766700000 1.6249200000 4 P 44
L 1.9766700000 1.6249200000 1.97096 1.6268200000 4 P 44
L 1.97096 1.6268200000 1.9671500000 1.63063 4 P 44
L 1.9671500000 1.63063 1.96524 1.6363400000 4 P 44
L 1.96524 1.6363400000 1.96524 1.6382500000 4 P 44
L 1.96524 1.6382500000 1.9671500000 1.64396 4 P 44
L 1.9671500000 1.64396 1.97096 1.6477700000 4 P 44
L 1.97096 1.6477700000 1.9766700000 1.6496700000 4 P 44
L 1.415 0.7202700000 1.415 0.6802800000 4 P 44
L 1.415 0.7202700000 1.39786 0.7202700000 4 P 44
L 1.39786 0.7202700000 1.3921500000 0.7183700000 4 P 44
L 1.3921500000 0.7183700000 1.3902400000 0.71647 4 P 44
L 1.3902400000 0.71647 1.3883400000 0.7126600000 4 P 44
L 1.3883400000 0.7126600000 1.3883400000 0.7088500000 4 P 44
L 1.3883400000 0.7088500000 1.3902400000 0.70504 4 P 44
L 1.3902400000 0.70504 1.3921500000 0.7031400000 4 P 44
L 1.3921500000 0.7031400000 1.39786 0.70123 4 P 44
L 1.39786 0.70123 1.415 0.70123 4 P 44
L 1.4016700000 0.70123 1.3883400000 0.6802800000 4 P 44
L 1.35654 0.7202700000 1.37558 0.7202700000 4 P 44
L 1.37558 0.7202700000 1.37748 0.7031400000 4 P 44
L 1.37748 0.7031400000 1.37558 0.70504 4 P 44
L 1.37558 0.70504 1.3698700000 0.7069500000 4 P 44
L 1.3698700000 0.7069500000 1.3641500000 0.7069500000 4 P 44
L 1.3641500000 0.7069500000 1.35844 0.70504 4 P 44
L 1.35844 0.70504 1.35463 0.70123 4 P 44
L 1.35463 0.70123 1.3527300000 0.69552 4 P 44
L 1.3527300000 0.69552 1.3527300000 0.69171 4 P 44
L 1.3527300000 0.69171 1.35463 0.686 4 P 44
L 1.35463 0.686 1.35844 0.6821900000 4 P 44
L 1.35844 0.6821900000 1.3641500000 0.6802800000 4 P 44
L 1.3641500000 0.6802800000 1.3698700000 0.6802800000 4 P 44
L 1.3698700000 0.6802800000 1.37558 0.6821900000 4 P 44
L 1.37558 0.6821900000 1.37748 0.6840900000 4 P 44
L 1.37748 0.6840900000 1.3793900000 0.6879000000 4 P 44
L 2.4700100000 0.57028 2.5100000000 0.57028 4 P 44
L 2.4700100000 0.57028 2.4700100000 0.5531400000 4 P 44
L 2.4700100000 0.5531400000 2.4719100000 0.5474300000 4 P 44
L 2.4719100000 0.5474300000 2.4738200000 0.5455300000 4 P 44
L 2.4738200000 0.5455300000 2.4776300000 0.5436200000 4 P 44
L 2.4776300000 0.5436200000 2.48144 0.5436200000 4 P 44
L 2.48144 0.5436200000 2.48524 0.5455300000 4 P 44
L 2.48524 0.5455300000 2.48715 0.5474300000 4 P 44
L 2.48715 0.5474300000 2.48905 0.5531400000 4 P 44
L 2.48905 0.5531400000 2.48905 0.57028 4 P 44
L 2.48905 0.5569500000 2.5100000000 0.5436200000 4 P 44
L 2.4700100000 0.51563 2.4966700000 0.5346700000 4 P 44
L 2.4966700000 0.5346700000 2.4966700000 0.5061100000 4 P 44
L 2.4700100000 0.51563 2.5100000000 0.51563 4 P 44
L 2.1700100000 0.2952800000 2.2100000000 0.2952800000 4 P 44
L 2.1700100000 0.2952800000 2.1700100000 0.2781400000 4 P 44
L 2.1700100000 0.2781400000 2.17191 0.27243 4 P 44
L 2.17191 0.27243 2.17382 0.2705300000 4 P 44
L 2.17382 0.2705300000 2.17763 0.26862 4 P 44
L 2.17763 0.26862 2.1814400000 0.26862 4 P 44
L 2.1814400000 0.26862 2.1852400000 0.2705300000 4 P 44
L 2.1852400000 0.2705300000 2.1871500000 0.27243 4 P 44
L 2.1871500000 0.27243 2.1890500000 0.2781400000 4 P 44
L 2.1890500000 0.2781400000 2.1890500000 0.2952800000 4 P 44
L 2.1890500000 0.2819500000 2.2100000000 0.26862 4 P 44
L 2.1700100000 0.2558600000 2.1700100000 0.2349200000 4 P 44
L 2.1700100000 0.2349200000 2.1852400000 0.24634 4 P 44
L 2.1852400000 0.24634 2.1852400000 0.24063 4 P 44
L 2.1852400000 0.24063 2.1871500000 0.23682 4 P 44
L 2.1871500000 0.23682 2.1890500000 0.2349200000 4 P 44
L 2.1890500000 0.2349200000 2.19477 0.2330100000 4 P 44
L 2.19477 0.2330100000 2.19857 0.2330100000 4 P 44
L 2.19857 0.2330100000 2.2042900000 0.2349200000 4 P 44
L 2.2042900000 0.2349200000 2.2081000000 0.2387300000 4 P 44
L 2.2081000000 0.2387300000 2.2100000000 0.2444400000 4 P 44
L 2.2100000000 0.2444400000 2.2100000000 0.2501500000 4 P 44
L 2.2100000000 0.2501500000 2.2081000000 0.2558600000 4 P 44
L 2.2081000000 0.2558600000 2.2061900000 0.2577700000 4 P 44
L 2.2061900000 0.2577700000 2.2023800000 0.25967 4 P 44
L 2.49501 0.2120000000 2.535 0.2120000000 4 P 44
L 2.49501 0.2120000000 2.49501 0.19486 4 P 44
L 2.49501 0.19486 2.49691 0.18915 4 P 44
L 2.49691 0.18915 2.4988200000 0.1872400000 4 P 44
L 2.4988200000 0.1872400000 2.5026300000 0.18534 4 P 44
L 2.5026300000 0.18534 2.5064300000 0.18534 4 P 44
L 2.5064300000 0.18534 2.51024 0.1872400000 4 P 44
L 2.51024 0.1872400000 2.51215 0.18915 4 P 44
L 2.51215 0.18915 2.51405 0.19486 4 P 44
L 2.51405 0.19486 2.51405 0.2120000000 4 P 44
L 2.51405 0.19867 2.535 0.18534 4 P 44
L 2.5045300000 0.1744800000 2.5026300000 0.1744800000 4 P 44
L 2.5026300000 0.1744800000 2.4988200000 0.17258 4 P 44
L 2.4988200000 0.17258 2.49691 0.1706700000 4 P 44
L 2.49691 0.1706700000 2.49501 0.1668700000 4 P 44
L 2.49501 0.1668700000 2.49501 0.15925 4 P 44
L 2.49501 0.15925 2.49691 0.1554400000 4 P 44
L 2.49691 0.1554400000 2.4988200000 0.15354 4 P 44
L 2.4988200000 0.15354 2.5026300000 0.1516300000 4 P 44
L 2.5026300000 0.1516300000 2.5064300000 0.1516300000 4 P 44
L 2.5064300000 0.1516300000 2.51024 0.15354 4 P 44
L 2.51024 0.15354 2.51596 0.15734 4 P 44
L 2.51596 0.15734 2.535 0.1763900000 4 P 44
L 2.535 0.1763900000 2.535 0.14973 4 P 44
L 2.5750100000 0.57028 2.615 0.57028 4 P 44
L 2.5750100000 0.57028 2.5750100000 0.5531400000 4 P 44
L 2.5750100000 0.5531400000 2.5769100000 0.5474300000 4 P 44
L 2.5769100000 0.5474300000 2.5788200000 0.5455300000 4 P 44
L 2.5788200000 0.5455300000 2.5826300000 0.5436200000 4 P 44
L 2.5826300000 0.5436200000 2.58644 0.5436200000 4 P 44
L 2.58644 0.5436200000 2.59024 0.5455300000 4 P 44
L 2.59024 0.5455300000 2.59215 0.5474300000 4 P 44
L 2.59215 0.5474300000 2.59405 0.5531400000 4 P 44
L 2.59405 0.5531400000 2.59405 0.57028 4 P 44
L 2.59405 0.5569500000 2.615 0.5436200000 4 P 44
L 2.5826300000 0.5346700000 2.5807200000 0.5308600000 4 P 44
L 2.5807200000 0.5308600000 2.5750100000 0.52515 4 P 44
L 2.5750100000 0.52515 2.615 0.52515 4 P 44
L 2.3559400000 0.65527 2.3559400000 0.61528 4 P 44
L 2.3559400000 0.61528 2.3330900000 0.61528 4 P 44
L 2.32871 0.64766 2.3249000000 0.64956 4 P 44
L 2.3249000000 0.64956 2.3191800000 0.65527 4 P 44
L 2.3191800000 0.65527 2.3191800000 0.61528 4 P 44
L 2.7123700000 0.08575 2.71428 0.08956 4 P 44
L 2.71428 0.08956 2.71809 0.0933700000 4 P 44
L 2.71809 0.0933700000 2.72189 0.0952700000 4 P 44
L 2.72189 0.0952700000 2.7295100000 0.0952700000 4 P 44
L 2.7295100000 0.0952700000 2.7333200000 0.0933700000 4 P 44
L 2.7333200000 0.0933700000 2.73713 0.08956 4 P 44
L 2.73713 0.08956 2.73903 0.08575 4 P 44
L 2.73903 0.08575 2.74094 0.08004 4 P 44
L 2.74094 0.08004 2.74094 0.0705200000 4 P 44
L 2.74094 0.0705200000 2.73903 0.06481 4 P 44
L 2.73903 0.06481 2.73713 0.0610000000 4 P 44
L 2.73713 0.0610000000 2.7333200000 0.0571900000 4 P 44
L 2.7333200000 0.0571900000 2.7295100000 0.05528 4 P 44
L 2.7295100000 0.05528 2.72189 0.05528 4 P 44
L 2.72189 0.05528 2.71809 0.0571900000 4 P 44
L 2.71809 0.0571900000 2.71428 0.0610000000 4 P 44
L 2.71428 0.0610000000 2.7123700000 0.06481 4 P 44
L 2.69923 0.08575 2.69923 0.08766 4 P 44
L 2.69923 0.08766 2.69733 0.0914700000 4 P 44
L 2.69733 0.0914700000 2.6954200000 0.0933700000 4 P 44
L 2.6954200000 0.0933700000 2.6916100000 0.0952700000 4 P 44
L 2.6916100000 0.0952700000 2.684 0.0952700000 4 P 44
L 2.684 0.0952700000 2.68019 0.0933700000 4 P 44
L 2.68019 0.0933700000 2.6782800000 0.0914700000 4 P 44
L 2.6782800000 0.0914700000 2.6763800000 0.08766 4 P 44
L 2.6763800000 0.08766 2.6763800000 0.0838500000 4 P 44
L 2.6763800000 0.0838500000 2.6782800000 0.08004 4 P 44
L 2.6782800000 0.08004 2.68209 0.0743300000 4 P 44
L 2.68209 0.0743300000 2.70114 0.05528 4 P 44
L 2.70114 0.05528 2.6744700000 0.05528 4 P 44
L 1.99747 0.38672 1.9936600000 0.38862 4 P 44
L 1.9936600000 0.38862 1.9898500000 0.39243 4 P 44
L 1.9898500000 0.39243 1.98795 0.3962400000 4 P 44
L 1.98795 0.3962400000 1.98795 0.4038600000 4 P 44
L 1.98795 0.4038600000 1.9898500000 0.4076700000 4 P 44
L 1.9898500000 0.4076700000 1.9936600000 0.41148 4 P 44
L 1.9936600000 0.41148 1.99747 0.41338 4 P 44
L 1.99747 0.41338 2.0031800000 0.4152800000 4 P 44
L 2.0031800000 0.4152800000 2.0127 0.4152800000 4 P 44
L 2.0127 0.4152800000 2.0184100000 0.41338 4 P 44
L 2.0184100000 0.41338 2.0222200000 0.41148 4 P 44
L 2.0222200000 0.41148 2.0260300000 0.4076700000 4 P 44
L 2.0260300000 0.4076700000 2.02794 0.4038600000 4 P 44
L 2.02794 0.4038600000 2.02794 0.3962400000 4 P 44
L 2.02794 0.3962400000 2.0260300000 0.39243 4 P 44
L 2.0260300000 0.39243 2.0222200000 0.38862 4 P 44
L 2.0222200000 0.38862 2.0184100000 0.38672 4 P 44
L 1.99556 0.3754800000 1.9936600000 0.37167 4 P 44
L 1.9936600000 0.37167 1.98795 0.36596 4 P 44
L 1.98795 0.36596 2.02794 0.36596 4 P 44
L 1.665 1.6502700000 1.665 1.6102800000 4 P 44
L 1.665 1.6502700000 1.64786 1.6502700000 4 P 44
L 1.64786 1.6502700000 1.6421500000 1.6483700000 4 P 44
L 1.6421500000 1.6483700000 1.6402400000 1.64647 4 P 44
L 1.6402400000 1.64647 1.6383400000 1.64266 4 P 44
L 1.6383400000 1.64266 1.6383400000 1.6388500000 4 P 44
L 1.6383400000 1.6388500000 1.6402400000 1.63504 4 P 44
L 1.6402400000 1.63504 1.6421500000 1.63314 4 P 44
L 1.6421500000 1.63314 1.64786 1.6312300000 4 P 44
L 1.64786 1.6312300000 1.665 1.6312300000 4 P 44
L 1.6516700000 1.6312300000 1.6383400000 1.6102800000 4 P 44
L 1.6293900000 1.6293300000 1.6122500000 1.6293300000 4 P 44
L 1.6122500000 1.6293300000 1.60654 1.6312300000 4 P 44
L 1.60654 1.6312300000 1.60463 1.63314 4 P 44
L 1.60463 1.63314 1.6027300000 1.6369500000 4 P 44
L 1.6027300000 1.6369500000 1.6027300000 1.64266 4 P 44
L 1.6027300000 1.64266 1.60463 1.64647 4 P 44
L 1.60463 1.64647 1.60654 1.6483700000 4 P 44
L 1.60654 1.6483700000 1.6122500000 1.6502700000 4 P 44
L 1.6122500000 1.6502700000 1.6293900000 1.6502700000 4 P 44
L 1.6293900000 1.6502700000 1.6293900000 1.6102800000 4 P 44
L 1.5937800000 1.64266 1.58997 1.64456 4 P 44
L 1.58997 1.64456 1.5842500000 1.6502700000 4 P 44
L 1.5842500000 1.6502700000 1.5842500000 1.6102800000 4 P 44
L 1.8700100000 1.6802800000 1.9100000000 1.6802800000 4 P 44
L 1.8700100000 1.6802800000 1.8700100000 1.66314 4 P 44
L 1.8700100000 1.66314 1.8719100000 1.6574300000 4 P 44
L 1.8719100000 1.6574300000 1.87382 1.6555300000 4 P 44
L 1.87382 1.6555300000 1.8776300000 1.65362 4 P 44
L 1.8776300000 1.65362 1.88144 1.65362 4 P 44
L 1.88144 1.65362 1.88524 1.6555300000 4 P 44
L 1.88524 1.6555300000 1.88715 1.6574300000 4 P 44
L 1.88715 1.6574300000 1.8890500000 1.66314 4 P 44
L 1.8890500000 1.66314 1.8890500000 1.6802800000 4 P 44
L 1.8890500000 1.6669500000 1.9100000000 1.65362 4 P 44
L 1.8776300000 1.64467 1.87572 1.6408600000 4 P 44
L 1.87572 1.6408600000 1.8700100000 1.63515 4 P 44
L 1.8700100000 1.63515 1.9100000000 1.63515 4 P 44
L 1.8700100000 1.60392 1.8719100000 1.6096300000 4 P 44
L 1.8719100000 1.6096300000 1.8776300000 1.6134400000 4 P 44
L 1.8776300000 1.6134400000 1.88715 1.61535 4 P 44
L 1.88715 1.61535 1.8928600000 1.61535 4 P 44
L 1.8928600000 1.61535 1.9023800000 1.6134400000 4 P 44
L 1.9023800000 1.6134400000 1.9081000000 1.6096300000 4 P 44
L 1.9081000000 1.6096300000 1.9100000000 1.60392 4 P 44
L 1.9100000000 1.60392 1.9100000000 1.6001100000 4 P 44
L 1.9100000000 1.6001100000 1.9081000000 1.5944 4 P 44
L 1.9081000000 1.5944 1.9023800000 1.5905900000 4 P 44
L 1.9023800000 1.5905900000 1.8928600000 1.5886900000 4 P 44
L 1.8928600000 1.5886900000 1.88715 1.5886900000 4 P 44
L 1.88715 1.5886900000 1.8776300000 1.5905900000 4 P 44
L 1.8776300000 1.5905900000 1.8719100000 1.5944 4 P 44
L 1.8719100000 1.5944 1.8700100000 1.6001100000 4 P 44
L 1.8700100000 1.6001100000 1.8700100000 1.60392 4 P 44
L 1.7850100000 1.6802800000 1.8250000000 1.6802800000 4 P 44
L 1.7850100000 1.6802800000 1.7850100000 1.66314 4 P 44
L 1.7850100000 1.66314 1.7869100000 1.6574300000 4 P 44
L 1.7869100000 1.6574300000 1.78882 1.6555300000 4 P 44
L 1.78882 1.6555300000 1.7926300000 1.65362 4 P 44
L 1.7926300000 1.65362 1.7964300000 1.65362 4 P 44
L 1.7964300000 1.65362 1.80024 1.6555300000 4 P 44
L 1.80024 1.6555300000 1.8021500000 1.6574300000 4 P 44
L 1.8021500000 1.6574300000 1.8040500000 1.66314 4 P 44
L 1.8040500000 1.66314 1.8040500000 1.6802800000 4 P 44
L 1.8040500000 1.6669500000 1.8250000000 1.65362 4 P 44
L 1.79834 1.61992 1.8040500000 1.62182 4 P 44
L 1.8040500000 1.62182 1.80786 1.6256300000 4 P 44
L 1.80786 1.6256300000 1.80976 1.63134 4 P 44
L 1.80976 1.63134 1.80976 1.63325 4 P 44
L 1.80976 1.63325 1.80786 1.6389600000 4 P 44
L 1.80786 1.6389600000 1.8040500000 1.64277 4 P 44
L 1.8040500000 1.64277 1.79834 1.64467 4 P 44
L 1.79834 1.64467 1.7964300000 1.64467 4 P 44
L 1.7964300000 1.64467 1.79072 1.64277 4 P 44
L 1.79072 1.64277 1.7869100000 1.6389600000 4 P 44
L 1.7869100000 1.6389600000 1.7850100000 1.63325 4 P 44
L 1.7850100000 1.63325 1.7850100000 1.63134 4 P 44
L 1.7850100000 1.63134 1.7869100000 1.6256300000 4 P 44
L 1.7869100000 1.6256300000 1.79072 1.62182 4 P 44
L 1.79072 1.62182 1.79834 1.61992 4 P 44
L 1.79834 1.61992 1.80786 1.61992 4 P 44
L 1.80786 1.61992 1.8173800000 1.62182 4 P 44
L 1.8173800000 1.62182 1.8231000000 1.6256300000 4 P 44
L 1.8231000000 1.6256300000 1.8250000000 1.63134 4 P 44
L 1.8250000000 1.63134 1.8250000000 1.63515 4 P 44
L 1.8250000000 1.63515 1.8231000000 1.6408600000 4 P 44
L 1.8231000000 1.6408600000 1.81929 1.64277 4 P 44
L 2.43753 1.02472 2.43372 1.02662 4 P 44
L 2.43372 1.02662 2.42991 1.0304300000 4 P 44
L 2.42991 1.0304300000 2.42801 1.03424 4 P 44
L 2.42801 1.03424 2.42801 1.04186 4 P 44
L 2.42801 1.04186 2.42991 1.04567 4 P 44
L 2.42991 1.04567 2.43372 1.0494700000 4 P 44
L 2.43372 1.0494700000 2.43753 1.0513800000 4 P 44
L 2.43753 1.0513800000 2.4432400000 1.0532800000 4 P 44
L 2.4432400000 1.0532800000 2.45276 1.0532800000 4 P 44
L 2.45276 1.0532800000 2.45848 1.0513800000 4 P 44
L 2.45848 1.0513800000 2.4622900000 1.0494700000 4 P 44
L 2.4622900000 1.0494700000 2.4661000000 1.04567 4 P 44
L 2.4661000000 1.04567 2.4680000000 1.04186 4 P 44
L 2.4680000000 1.04186 2.4680000000 1.03424 4 P 44
L 2.4680000000 1.03424 2.4661000000 1.0304300000 4 P 44
L 2.4661000000 1.0304300000 2.4622900000 1.02662 4 P 44
L 2.4622900000 1.02662 2.45848 1.02472 4 P 44
L 2.42801 1.00967 2.42801 0.9887300000 4 P 44
L 2.42801 0.9887300000 2.4432400000 1.00015 4 P 44
L 2.4432400000 1.00015 2.4432400000 0.9944400000 4 P 44
L 2.4432400000 0.9944400000 2.4451500000 0.99063 4 P 44
L 2.4451500000 0.99063 2.4470500000 0.9887300000 4 P 44
L 2.4470500000 0.9887300000 2.45276 0.98682 4 P 44
L 2.45276 0.98682 2.45657 0.98682 4 P 44
L 2.45657 0.98682 2.4622900000 0.9887300000 4 P 44
L 2.4622900000 0.9887300000 2.4661000000 0.99253 4 P 44
L 2.4661000000 0.99253 2.4680000000 0.9982500000 4 P 44
L 2.4680000000 0.9982500000 2.4680000000 1.0039600000 4 P 44
L 2.4680000000 1.0039600000 2.4661000000 1.00967 4 P 44
L 2.4661000000 1.00967 2.4641900000 1.0115800000 4 P 44
L 2.4641900000 1.0115800000 2.4603800000 1.0134800000 4 P 44
L 2.14224 1.65128 2.14224 1.61128 4 P 44
L 2.14224 1.65128 2.1251 1.65128 4 P 44
L 2.1251 1.65128 2.11939 1.64937 4 P 44
L 2.11939 1.64937 2.11749 1.6474700000 4 P 44
L 2.11749 1.6474700000 2.11558 1.6436600000 4 P 44
L 2.11558 1.6436600000 2.11558 1.63985 4 P 44
L 2.11558 1.63985 2.11749 1.6360400000 4 P 44
L 2.11749 1.6360400000 2.11939 1.6341400000 4 P 44
L 2.11939 1.6341400000 2.1251 1.63223 4 P 44
L 2.1251 1.63223 2.14224 1.63223 4 P 44
L 2.1289100000 1.63223 2.11558 1.61128 4 P 44
L 2.10663 1.63033 2.08949 1.63033 4 P 44
L 2.08949 1.63033 2.0837800000 1.63223 4 P 44
L 2.0837800000 1.63223 2.0818800000 1.6341400000 4 P 44
L 2.0818800000 1.6341400000 2.0799700000 1.63795 4 P 44
L 2.0799700000 1.63795 2.0799700000 1.6436600000 4 P 44
L 2.0799700000 1.6436600000 2.0818800000 1.6474700000 4 P 44
L 2.0818800000 1.6474700000 2.0837800000 1.64937 4 P 44
L 2.0837800000 1.64937 2.08949 1.65128 4 P 44
L 2.08949 1.65128 2.10663 1.65128 4 P 44
L 2.10663 1.65128 2.10663 1.61128 4 P 44
L 2.06721 1.65128 2.04626 1.65128 4 P 44
L 2.04626 1.65128 2.05769 1.6360400000 4 P 44
L 2.05769 1.6360400000 2.0519800000 1.6360400000 4 P 44
L 2.0519800000 1.6360400000 2.0481700000 1.6341400000 4 P 44
L 2.0481700000 1.6341400000 2.04626 1.63223 4 P 44
L 2.04626 1.63223 2.04436 1.6265200000 4 P 44
L 2.04436 1.6265200000 2.04436 1.62271 4 P 44
L 2.04436 1.62271 2.04626 1.6170000000 4 P 44
L 2.04626 1.6170000000 2.0500700000 1.6131900000 4 P 44
L 2.0500700000 1.6131900000 2.05579 1.61128 4 P 44
L 2.05579 1.61128 2.0615 1.61128 4 P 44
L 2.0615 1.61128 2.06721 1.6131900000 4 P 44
L 2.06721 1.6131900000 2.0691200000 1.6150900000 4 P 44
L 2.0691200000 1.6150900000 2.0710200000 1.6189 4 P 44
L 2.28501 0.3452800000 2.3135700000 0.3452800000 4 P 44
L 2.3135700000 0.3452800000 2.31929 0.34338 4 P 44
L 2.31929 0.34338 2.3231 0.3395700000 4 P 44
L 2.3231 0.3395700000 2.325 0.3338600000 4 P 44
L 2.325 0.3338600000 2.325 0.33005 4 P 44
L 2.325 0.33005 2.3231 0.32434 4 P 44
L 2.3231 0.32434 2.31929 0.3205300000 4 P 44
L 2.31929 0.3205300000 2.3135700000 0.31862 4 P 44
L 2.3135700000 0.31862 2.28501 0.31862 4 P 44
L 2.2926300000 0.30758 2.2907200000 0.3037700000 4 P 44
L 2.2907200000 0.3037700000 2.28501 0.2980600000 4 P 44
L 2.28501 0.2980600000 2.325 0.2980600000 4 P 44
L 1.145 1.5452800000 1.145 1.5852700000 4 P 44
L 1.145 1.5852700000 1.12501 1.5852700000 4 P 44
L 1.12501 1.5852700000 1.1183400000 1.57861 4 P 44
L 1.1183400000 1.57861 1.1183400000 1.56528 4 P 44
L 1.1183400000 1.56528 1.12501 1.55861 4 P 44
L 1.12501 1.55861 1.145 1.55861 4 P 44
L 1.1316700000 1.55861 1.1183400000 1.5452800000 4 P 44
L 1.10501 1.5452800000 1.0916800000 1.5452800000 4 P 44
L 1.0916800000 1.5452800000 1.0983500000 1.5452800000 4 P 44
L 1.0983500000 1.5452800000 1.0983500000 1.5852700000 4 P 44
L 1.0983500000 1.5852700000 1.10501 1.57861 4 P 44
L 1.07169 1.5452800000 1.0583600000 1.5452800000 4 P 44
L 1.0583600000 1.5452800000 1.0650300000 1.5452800000 4 P 44
L 1.0650300000 1.5452800000 1.0650300000 1.5852700000 4 P 44
L 1.0650300000 1.5852700000 1.07169 1.57861 4 P 44
L 2.4480000000 0.772 2.4080100000 0.772 4 P 44
L 2.4080100000 0.772 2.4080100000 0.7520100000 4 P 44
L 2.4080100000 0.7520100000 2.41468 0.74534 4 P 44
L 2.41468 0.74534 2.42801 0.74534 4 P 44
L 2.42801 0.74534 2.43467 0.7520100000 4 P 44
L 2.43467 0.7520100000 2.43467 0.772 4 P 44
L 2.43467 0.7586700000 2.4480000000 0.74534 4 P 44
L 2.4480000000 0.73201 2.4480000000 0.7186800000 4 P 44
L 2.4480000000 0.7186800000 2.4480000000 0.72535 4 P 44
L 2.4480000000 0.72535 2.4080100000 0.72535 4 P 44
L 2.4080100000 0.72535 2.41468 0.73201 4 P 44
L 2.4480000000 0.67203 2.4480000000 0.69869 4 P 44
L 2.4480000000 0.69869 2.4213400000 0.67203 4 P 44
L 2.4213400000 0.67203 2.41468 0.67203 4 P 44
L 2.41468 0.67203 2.4080100000 0.6787000000 4 P 44
L 2.4080100000 0.6787000000 2.4080100000 0.69203 4 P 44
L 2.4080100000 0.69203 2.41468 0.69869 4 P 44
L 2.01994 0.7652800000 1.97995 0.7652800000 4 P 44
L 1.97995 0.7652800000 1.97995 0.74529 4 P 44
L 1.97995 0.74529 1.9866100000 0.73863 4 P 44
L 1.9866100000 0.73863 1.99994 0.73863 4 P 44
L 1.99994 0.73863 2.0066100000 0.74529 4 P 44
L 2.0066100000 0.74529 2.0066100000 0.7652800000 4 P 44
L 2.0066100000 0.75195 2.01994 0.73863 4 P 44
L 2.01994 0.7253000000 2.01994 0.7119700000 4 P 44
L 2.01994 0.7119700000 2.01994 0.7186300000 4 P 44
L 2.01994 0.7186300000 1.97995 0.7186300000 4 P 44
L 1.97995 0.7186300000 1.9866100000 0.7253000000 4 P 44
L 1.9866100000 0.6919700000 1.97995 0.6853100000 4 P 44
L 1.97995 0.6853100000 1.97995 0.67198 4 P 44
L 1.97995 0.67198 1.9866100000 0.66532 4 P 44
L 1.9866100000 0.66532 1.9932800000 0.66532 4 P 44
L 1.9932800000 0.66532 1.99994 0.67198 4 P 44
L 1.99994 0.67198 1.99994 0.6786500000 4 P 44
L 1.99994 0.6786500000 1.99994 0.67198 4 P 44
L 1.99994 0.67198 2.0066100000 0.66532 4 P 44
L 2.0066100000 0.66532 2.0132700000 0.66532 4 P 44
L 2.0132700000 0.66532 2.01994 0.67198 4 P 44
L 2.01994 0.67198 2.01994 0.6853100000 4 P 44
L 2.01994 0.6853100000 2.0132700000 0.6919700000 4 P 44
L 1.625 0.764 1.58501 0.764 4 P 44
L 1.58501 0.764 1.58501 0.7440100000 4 P 44
L 1.58501 0.7440100000 1.5916800000 0.7373400000 4 P 44
L 1.5916800000 0.7373400000 1.60501 0.7373400000 4 P 44
L 1.60501 0.7373400000 1.6116700000 0.7440100000 4 P 44
L 1.6116700000 0.7440100000 1.6116700000 0.764 4 P 44
L 1.6116700000 0.7506700000 1.625 0.7373400000 4 P 44
L 1.625 0.72401 1.625 0.7106800000 4 P 44
L 1.625 0.7106800000 1.625 0.71735 4 P 44
L 1.625 0.71735 1.58501 0.71735 4 P 44
L 1.58501 0.71735 1.5916800000 0.72401 4 P 44
L 1.625 0.6707000000 1.58501 0.6707000000 4 P 44
L 1.58501 0.6707000000 1.60501 0.69069 4 P 44
L 1.60501 0.69069 1.60501 0.66403 4 P 44
L 3.2950000000 0.81528 3.2950000000 0.8552700000 4 P 44
L 3.2950000000 0.8552700000 3.2750100000 0.8552700000 4 P 44
L 3.2750100000 0.8552700000 3.2683400000 0.8486100000 4 P 44
L 3.2683400000 0.8486100000 3.2683400000 0.83528 4 P 44
L 3.2683400000 0.83528 3.2750100000 0.8286100000 4 P 44
L 3.2750100000 0.8286100000 3.2950000000 0.8286100000 4 P 44
L 3.28167 0.8286100000 3.2683400000 0.81528 4 P 44
L 3.2550100000 0.81528 3.24168 0.81528 4 P 44
L 3.24168 0.81528 3.2483500000 0.81528 4 P 44
L 3.2483500000 0.81528 3.2483500000 0.8552700000 4 P 44
L 3.2483500000 0.8552700000 3.2550100000 0.8486100000 4 P 44
L 3.19503 0.8552700000 3.22169 0.8552700000 4 P 44
L 3.22169 0.8552700000 3.22169 0.83528 4 P 44
L 3.22169 0.83528 3.2083600000 0.84194 4 P 44
L 3.2083600000 0.84194 3.2017 0.84194 4 P 44
L 3.2017 0.84194 3.19503 0.83528 4 P 44
L 3.19503 0.83528 3.19503 0.8219500000 4 P 44
L 3.19503 0.8219500000 3.2017 0.81528 4 P 44
L 3.2017 0.81528 3.21503 0.81528 4 P 44
L 3.21503 0.81528 3.22169 0.8219500000 4 P 44
L 1.31488 1.20828 1.3398800000 1.20828 5 P 68
L 1.3398800000 1.20828 1.3398800000 1.30828 5 P 68
L 1.31488 1.30828 1.3398800000 1.30828 5 P 68
L 1.31488 1.0232800000 1.31488 1.20828 5 P 68
L 1.31488 1.30828 1.31488 1.4832800000 5 P 68
