0	0	
3.125e-12	1627.482284465145	
6.25e-12	10437.23051873944	
9.375e-12	200893.72828251	
1.25e-11	554545.3875407629	
1.5625e-11	811694.8361665792	
1.875e-11	886163.5899288347	
2.1875e-11	515672.9877975098	
2.5e-11	-712429.405979904	
2.8125e-11	-2257701.98612133	
3.125e-11	-4218957.388085051	
3.4375e-11	-5746837.037142013	
3.75e-11	-7036272.749189747	
4.0625e-11	-7743083.312982684	
4.375e-11	-7787681.05526895	
4.687500000000001e-11	-7140023.203997079	
5.000000000000001e-11	-6135289.116264988	
5.312500000000001e-11	-4351145.022343521	
5.625000000000001e-11	-2481857.219741331	
5.937500000000001e-11	-217140.0670672952	
6.250000000000002e-11	1821672.438013787	
6.562500000000002e-11	3725257.032334256	
6.875000000000002e-11	5344617.902277317	
7.187500000000002e-11	6440230.228096185	
7.500000000000003e-11	7088302.064167075	
7.812500000000003e-11	7216222.459217505	
8.125000000000003e-11	6839554.949747859	
8.437500000000003e-11	5957259.848318884	
8.750000000000003e-11	4603524.756349063	
9.062500000000004e-11	2982421.882935859	
9.375000000000004e-11	991069.9859579852	
9.687500000000004e-11	-1407225.21659478	
1e-10	-3321582.404517864	
1.03125e-10	-5185427.210443816	
1.0625e-10	-6032562.741118351	
1.09375e-10	-7741365.939367437	
1.125000000000001e-10	-10164445.12130054	
1.156250000000001e-10	-11078148.44997504	
1.187500000000001e-10	-9982244.604317743	
1.218750000000001e-10	-4536955.370040499	
1.250000000000001e-10	9622545.992410075	
1.281250000000001e-10	26309148.95968515	
1.312500000000001e-10	46946913.92497531	
1.343750000000001e-10	62832671.32102873	
1.375000000000001e-10	75927647.2063008	
1.406250000000001e-10	82702556.97780971	
1.437500000000001e-10	82583084.75681955	
1.468750000000001e-10	75307077.88466969	
1.500000000000001e-10	64467058.29422249	
1.531250000000001e-10	45541728.82918365	
1.562500000000001e-10	25967982.22439879	
1.593750000000001e-10	2475200.68763835	
1.625000000000001e-10	-18699156.85549371	
1.656250000000001e-10	-38492696.67768228	
1.687500000000001e-10	-55175313.76488706	
1.718750000000001e-10	-66454535.50180554	
1.750000000000001e-10	-73257445.5964067	
1.781250000000001e-10	-74675631.76376623	
1.812500000000001e-10	-70932987.22522256	
1.843750000000001e-10	-62082933.34898578	
1.875000000000001e-10	-48488639.71192205	
1.906250000000001e-10	-32133632.0809344	
1.937500000000001e-10	-11923107.32818604	
1.968750000000001e-10	12394507.53542029	
2.000000000000001e-10	31775300.89332173	
2.031250000000001e-10	50706978.66771375	
2.062500000000001e-10	58716691.7537559	
2.093750000000001e-10	57075417.45194554	
2.125000000000001e-10	46303298.53842655	
2.156250000000001e-10	30267225.03866929	
2.187500000000001e-10	12442131.24979768	
2.218750000000001e-10	-4327902.37126165	
2.250000000000001e-10	-22127522.44725585	
2.281250000000001e-10	-33461436.50448013	
2.312500000000001e-10	-42564934.41619639	
2.343750000000001e-10	-47781604.98400865	
2.375000000000001e-10	-48943527.47587468	
2.406250000000001e-10	-45453673.03460301	
2.437500000000001e-10	-39829512.50234019	
2.46875e-10	-32375143.06272577	
2.5e-10	-25242275.66018198	
2.53125e-10	-16334074.27358006	
2.5625e-10	-9941153.754574576	
2.593749999999999e-10	-4752695.204342278	
2.624999999999999e-10	-798233.9499851645	
2.656249999999999e-10	1812698.648028018	
2.687499999999999e-10	311451.3417749854	
2.718749999999998e-10	-4215078.445486031	
2.749999999999998e-10	-14206524.34543729	
2.781249999999998e-10	-32890084.24989476	
2.812499999999998e-10	-70677118.26386319	
2.843749999999998e-10	-116452266.6816699	
2.874999999999997e-10	-179563619.5827541	
2.906249999999997e-10	-258013340.5526996	
2.937499999999997e-10	-344808956.0973961	
2.968749999999997e-10	-443297242.7648731	
2.999999999999996e-10	-531194571.9016449	
3.031249999999996e-10	-635472660.6013606	
3.062499999999996e-10	-716321803.8424867	
3.093749999999996e-10	-797446958.98895	
3.124999999999995e-10	-862844838.9374284	
3.156249999999995e-10	-920647832.7518028	
3.187499999999995e-10	-967391958.6226625	
3.218749999999995e-10	-1001688637.348593	
3.249999999999994e-10	-1032406534.915258	
3.281249999999994e-10	-1054073608.816342	
3.312499999999994e-10	-1074743623.439361	
3.343749999999994e-10	-1088792587.945949	
3.374999999999994e-10	-1103024628.751478	
3.406249999999993e-10	-1116179188.69643	
3.437499999999993e-10	-1124746750.852536	
3.468749999999993e-10	-1130375821.992403	
3.499999999999993e-10	-1133722941.934855	
3.531249999999992e-10	-1128254588.659845	
3.562499999999992e-10	-1113337419.286865	
3.593749999999992e-10	-1085449750.171592	
3.624999999999992e-10	-1037736292.532895	
3.656249999999991e-10	-962982990.0721785	
3.687499999999991e-10	-856016118.9391294	
3.718749999999991e-10	-722334435.6216435	
3.749999999999991e-10	-505555934.3602045	
3.78124999999999e-10	-221054443.3594404	
3.81249999999999e-10	264215432.4483443	
3.84374999999999e-10	815561378.3514221	
3.87499999999999e-10	1543516683.957548	
3.906249999999989e-10	2406233379.880147	
3.937499999999989e-10	3326016631.302766	
3.968749999999989e-10	4352900582.760339	
3.999999999999989e-10	5262959996.509949	
4.031249999999989e-10	6310795098.746122	
4.062499999999988e-10	7107809391.336426	
4.093749999999988e-10	7908502546.324923	
4.124999999999988e-10	8535675459.976137	
4.156249999999988e-10	9066705273.0597	
4.187499999999987e-10	9483614093.640818	
4.218749999999987e-10	9777768798.692694	
4.249999999999987e-10	10018655430.98071	
4.281249999999987e-10	10172180348.78877	
4.312499999999986e-10	10312657323.28115	
4.343749999999986e-10	10410234902.67628	
4.374999999999986e-10	10509490372.98865	
4.406249999999986e-10	10616413845.31237	
4.437499999999985e-10	10724100299.35382	
4.468749999999985e-10	10841545226.53867	
4.499999999999985e-10	10950823995.36054	
4.531249999999985e-10	11070865948.85565	
4.562499999999985e-10	11138193956.24265	
4.593749999999984e-10	11151466715.28685	
4.624999999999984e-10	11029665184.32176	
4.656249999999984e-10	10741871276.90339	
4.687499999999984e-10	10276109440.79318	
4.718749999999984e-10	9687434891.718531	
4.749999999999985e-10	8818425119.881987	
4.781249999999985e-10	7969488022.373259	
4.812499999999985e-10	6918148600.415266	
4.843749999999985e-10	5965930791.40941	
4.874999999999986e-10	4962360360.540398	
4.906249999999986e-10	4066847691.212466	
4.937499999999986e-10	3291064928.935832	
4.968749999999987e-10	2585436825.196152	
4.999999999999987e-10	2078765502.245338	
5.031249999999987e-10	1614622117.374202	
5.062499999999987e-10	1330839819.630025	
5.093749999999988e-10	1096194099.884525	
5.124999999999988e-10	934088372.9054817	
5.156249999999988e-10	799023265.1907109	
5.187499999999989e-10	684574687.4141479	
5.218749999999989e-10	571294881.843642	
5.249999999999989e-10	415767474.122413	
5.281249999999989e-10	269848543.4727674	
5.31249999999999e-10	80871742.99283101	
5.34374999999999e-10	-108068110.6481609	
5.37499999999999e-10	-318257763.2241219	
5.406249999999991e-10	-511197715.6882162	
5.437499999999991e-10	-683002481.3896314	
5.468749999999991e-10	-842816807.8929721	
5.499999999999991e-10	-952120046.7312324	
5.531249999999992e-10	-1032079132.198066	
5.562499999999992e-10	-1061724757.967209	
5.593749999999992e-10	-1059316747.302572	
5.624999999999992e-10	-1014340266.296344	
5.656249999999993e-10	-934931536.5724616	
5.687499999999993e-10	-830955384.4038453	
5.718749999999993e-10	-721491425.2750514	
5.749999999999994e-10	-586181472.9129076	
5.781249999999994e-10	-472015684.1010461	
5.812499999999994e-10	-351559456.1601045	
5.843749999999994e-10	-259227043.1006341	
5.874999999999995e-10	-174466680.6703522	
5.906249999999995e-10	-111822037.6265455	
5.937499999999995e-10	-67446535.51348349	
5.968749999999996e-10	-34295725.70781948	
5.999999999999996e-10	-13775362.60057444	
6.031249999999996e-10	3496377.692367248	
6.062499999999996e-10	15621113.66292325	
6.093749999999997e-10	30581642.70844812	
6.124999999999997e-10	47806707.91011512	
6.156249999999997e-10	68784461.35789202	
6.187499999999998e-10	94230093.00169159	
6.218749999999998e-10	120630704.7151048	
6.249999999999998e-10	151484587.9620916	
6.281249999999998e-10	177046535.1532815	
6.312499999999999e-10	203246495.6860738	
6.343749999999999e-10	220201129.5724475	
6.374999999999999e-10	231939865.7283974	
6.406249999999999e-10	235740539.2534203	
6.4375e-10	231900596.7304049	
6.46875e-10	219596818.0237323	
6.5e-10	203625347.0591944	
6.531250000000001e-10	179497384.1939597	
6.562500000000001e-10	156348226.7403091	
6.593750000000001e-10	128562170.7558443	
6.625000000000001e-10	104332219.0041435	
6.656250000000002e-10	82082065.70331931	
6.687500000000002e-10	61736259.40330558	
6.718750000000002e-10	46362085.70707846	
6.750000000000003e-10	34375130.05257469	
6.781250000000003e-10	26998249.87711672	
6.812500000000003e-10	21598569.7256827	
6.843750000000003e-10	20464253.83884139	
6.875000000000004e-10	21441932.06737435	
6.906250000000004e-10	23548203.28398086	
6.937500000000004e-10	26564993.08022336	
6.968750000000004e-10	30755697.72470712	
7.000000000000005e-10	34886218.68831664	
7.031250000000005e-10	40252748.60225973	
7.062500000000005e-10	45319029.2043741	
7.093750000000006e-10	51932852.61906284	
7.125000000000006e-10	58556172.25565457	
7.156250000000006e-10	65674494.00847233	
7.187500000000006e-10	73626599.20446943	
7.218750000000007e-10	81298896.70783955	
7.250000000000007e-10	89728439.61899519	
7.281250000000007e-10	96395182.01309952	
7.312500000000008e-10	102731274.3880887	
7.343750000000008e-10	106223244.3176207	
7.375000000000008e-10	107455579.7850593	
7.406250000000008e-10	105430567.3707886	
7.437500000000009e-10	100439738.6554985	
7.468750000000009e-10	91134895.13254592	
7.500000000000009e-10	79654902.78959733	
7.53125000000001e-10	62110750.70838196	
7.56250000000001e-10	44549062.81953373	
7.59375000000001e-10	21881522.23511283	
7.62500000000001e-10	-637262.9319679785	
7.656250000000011e-10	-24347279.83957584	
7.687500000000011e-10	-48956878.43042309	
7.718750000000011e-10	-71051781.35539544	
7.750000000000011e-10	-94321883.96000257	
7.781250000000012e-10	-112418105.6059618	
7.812500000000012e-10	-130480527.9328243	
7.843750000000012e-10	-143167918.4603581	
7.875000000000013e-10	-153458381.5532807	
7.906250000000013e-10	-159340392.6010331	
7.937500000000013e-10	-161885132.2869667	
7.968750000000013e-10	-160694525.0080917	
8.000000000000014e-10	-155809722.6003997	
8.031250000000014e-10	-146000992.2115514	
8.062500000000014e-10	-134987624.5690105	
8.093750000000015e-10	-118511096.3326248	
8.125000000000015e-10	-100293634.6399132	
8.156250000000015e-10	-80147387.22482856	
8.187500000000015e-10	-56949326.63848564	
8.218750000000016e-10	-33840719.47287418	
8.250000000000016e-10	-7533568.469126551	
8.281250000000016e-10	15069090.15533102	
8.312500000000017e-10	40935901.15048274	
8.343750000000017e-10	61677827.50770295	
8.375000000000017e-10	81537095.52913228	
8.406250000000017e-10	97728483.1138988	
8.437500000000018e-10	110079126.5887344	
8.468750000000018e-10	118659179.3112803	
8.500000000000018e-10	121835104.1931529	
8.531250000000018e-10	120017122.4498866	
8.562500000000019e-10	114018794.8277408	
8.593750000000019e-10	101837804.6465846	
8.625000000000019e-10	85653291.55757055	
8.65625000000002e-10	65752453.91922531	
8.68750000000002e-10	41113551.92701384	
8.71875000000002e-10	14834797.88544574	
8.75000000000002e-10	-17153132.50781903	
8.781250000000021e-10	-45828116.80815783	
8.812500000000021e-10	-81062170.10039863	
8.843750000000021e-10	-111955069.726561	
8.875000000000022e-10	-143666887.5419266	
8.906250000000022e-10	-173249342.3439291	
8.937500000000022e-10	-200216313.743078	
8.968750000000022e-10	-224712033.001855	
9.000000000000023e-10	-242336616.0020131	
9.031250000000023e-10	-258561653.4731615	
9.062500000000023e-10	-266506449.1361985	
9.093750000000024e-10	-268845670.1795996	
9.125000000000024e-10	-265006265.8501144	
9.156250000000024e-10	-255133577.4921072	
9.187500000000024e-10	-237130695.0815984	
9.218750000000025e-10	-214463366.3077564	
9.250000000000025e-10	-182158978.4690202	
9.281250000000025e-10	-149004799.2633253	
9.312500000000025e-10	-104599387.8526504	
9.343750000000026e-10	-61858506.58865169	
9.375000000000026e-10	-13472155.7061593	
9.406250000000026e-10	35280427.01019426	
9.437500000000027e-10	82789742.2809487	
9.468750000000027e-10	131296139.4621322	
9.500000000000027e-10	170522662.7347748	
9.531250000000027e-10	212531440.7945171	
9.562500000000028e-10	241755327.2541607	
9.593750000000028e-10	267511205.8706162	
9.625000000000028e-10	285075203.6469718	
9.656250000000029e-10	297228883.2901027	
9.687500000000029e-10	301996257.8806449	
9.718750000000029e-10	301894924.9467748	
9.750000000000029e-10	297964244.7209687	
9.78125000000003e-10	290893344.157044	
9.81250000000003e-10	280124118.8547802	
9.84375000000003e-10	270271876.4519798	
9.875000000000031e-10	258411880.6892506	
9.906250000000031e-10	245354809.1044697	
9.937500000000031e-10	232153015.6689839	
9.968750000000031e-10	216214728.5049861	
1.000000000000003e-09	199740062.3035708	
1.003125000000003e-09	176455507.9236369	
1.006250000000003e-09	153450993.8569793	
1.009375000000003e-09	122910675.1076001	
1.012500000000003e-09	89658252.74370408	
1.015625000000003e-09	51538317.63126534	
1.018750000000003e-09	9680482.003672345	
1.021875000000003e-09	-30469803.93519657	
1.025000000000003e-09	-76190067.17772964	
1.028125000000003e-09	-112474427.2776233	
1.031250000000003e-09	-149198629.7672904	
1.034375000000003e-09	-175518903.8462653	
1.037500000000004e-09	-195577976.4019091	
1.040625000000004e-09	-204494550.3119837	
1.043750000000004e-09	-204858938.3791907	
1.046875000000004e-09	-195627776.0995094	
1.050000000000004e-09	-180311114.7668684	
1.053125000000004e-09	-156092097.2127267	
1.056250000000004e-09	-133490141.434273	
1.059375000000004e-09	-107149350.8065007	
1.062500000000004e-09	-84782164.42223559	
1.065625000000004e-09	-66100535.15850566	
1.068750000000004e-09	-52956793.15731819	
1.071875000000004e-09	-46206006.3896651	
1.075000000000004e-09	-45426852.44893205	
1.078125000000004e-09	-49508209.03228978	
1.081250000000004e-09	-57661459.65412185	
1.084375000000004e-09	-65953370.24145817	
1.087500000000004e-09	-74130809.53856508	
1.090625000000004e-09	-79082852.35763101	
1.093750000000004e-09	-79626181.81624036	
1.096875000000004e-09	-74101750.91709444	
1.100000000000004e-09	-64130914.4640223	
1.103125000000004e-09	-45943206.660045	
1.106250000000004e-09	-26531917.07009523	
1.109375000000004e-09	-1829125.386416327	
1.112500000000004e-09	21547586.35801648	
1.115625000000004e-09	44023412.20777095	
1.118750000000004e-09	63462288.65810049	
1.121875000000004e-09	76955565.75115719	
1.125000000000004e-09	85371813.3343678	
1.128125000000004e-09	86915952.03780836	
1.131250000000004e-09	82442025.16258797	
1.134375000000004e-09	73331888.6119065	
1.137500000000004e-09	60038450.00267958	
1.140625000000004e-09	45428168.41584864	
1.143750000000004e-09	31275460.60012283	
1.146875000000004e-09	17923173.39141164	
1.150000000000005e-09	9097953.418528659	
1.153125000000005e-09	3351192.015554011	
1.156250000000005e-09	2702690.936194861	
1.159375000000005e-09	6148714.259540088	
1.162500000000005e-09	13128415.35166905	
1.165625000000005e-09	22582271.74881585	
1.168750000000005e-09	33082817.71877459	
1.171875000000005e-09	42277087.63740075	
1.175000000000005e-09	50624278.27027937	
1.178125000000005e-09	54733986.37155106	
1.181250000000005e-09	55232697.22019744	
1.184375000000005e-09	51749530.91327269	
1.187500000000005e-09	44117946.43213733	
1.190625000000005e-09	32914458.45261843	
1.193750000000005e-09	19837133.95020024	
1.196875000000005e-09	4551152.033551718	
1.200000000000005e-09	-8817162.972968476	
1.203125000000005e-09	-23264931.20580678	
1.206250000000005e-09	-32861701.20634356	
1.209375000000005e-09	-40374396.33622301	
1.212500000000005e-09	-43801093.56100987	
1.215625000000005e-09	-43970193.79738741	
1.218750000000005e-09	-40243978.99869835	
1.221875000000005e-09	-34349125.33157754	
1.225000000000005e-09	-25827492.54100148	
1.228125000000005e-09	-17425925.87620552	
1.231250000000005e-09	-7436330.572059048	
1.234375000000005e-09	233395.5402764352	
1.237500000000005e-09	7116643.784811666	
1.240625000000005e-09	12225591.37570765	
1.243750000000005e-09	15360121.34328249	
1.246875000000005e-09	16593010.32187183	
1.250000000000005e-09	16503549.81820169	
1.253125000000005e-09	15355608.11470639	
1.256250000000005e-09	13763938.24343106	
1.259375000000005e-09	11903557.65681663	
1.262500000000006e-09	10944253.11488022	
1.265625000000006e-09	10831662.16823601	
1.268750000000006e-09	11477538.87949366	
1.271875000000006e-09	12951156.86503909	
1.275000000000006e-09	15748863.02960765	
1.278125000000006e-09	18313385.45308615	
1.281250000000006e-09	21159829.38254426	
1.284375000000006e-09	23626293.84456684	
1.287500000000006e-09	25533609.31785721	
1.290625000000006e-09	25868177.73950466	
1.293750000000006e-09	25071587.37754267	
1.296875000000006e-09	22864394.95558973	
1.300000000000006e-09	19540055.48269213	
1.303125000000006e-09	14181993.80818195	
1.306250000000006e-09	9160324.207506852	
1.309375000000006e-09	3009976.135366934	
1.312500000000006e-09	-3020701.671651652	
1.315625000000006e-09	-8837565.075579925	
1.318750000000006e-09	-13795669.05506417	
1.321875000000006e-09	-17636766.89663491	
1.325000000000006e-09	-20874963.45280429	
1.328125000000006e-09	-22229956.54093205	
1.331250000000006e-09	-22437650.25410754	
1.334375000000006e-09	-21849021.86892072	
1.337500000000006e-09	-20213988.17545468	
1.340625000000006e-09	-17523270.42832121	
1.343750000000006e-09	-14568969.26523122	
1.346875000000006e-09	-11158466.65437	
1.350000000000006e-09	-7799765.136394015	
1.353125000000006e-09	-3754022.575477452	
1.356250000000006e-09	-761422.9007997802	
1.359375000000006e-09	2502916.223548085	
1.362500000000006e-09	5565393.134964701	
1.365625000000006e-09	8367527.383946995	
1.368750000000006e-09	10725943.8445041	
1.371875000000006e-09	12864541.46541366	
1.375000000000007e-09	15073012.17958418	
1.378125000000007e-09	16341639.76138075	
1.381250000000007e-09	17489308.74779141	
1.384375000000007e-09	18439903.29782028	
1.387500000000007e-09	18839622.35890154	
1.390625000000007e-09	18471496.94964037	
1.393750000000007e-09	17856003.65551066	
1.396875000000007e-09	16588418.09213127	
1.400000000000007e-09	14741570.89722124	
1.403125000000007e-09	12087646.70669227	
1.406250000000007e-09	9648672.868877348	
1.409375000000007e-09	6370763.134852517	
1.412500000000007e-09	2903379.777131789	
1.415625000000007e-09	-661018.8454936702	
1.418750000000007e-09	-4245222.903561762	
1.421875000000007e-09	-7626434.955519361	
1.425000000000007e-09	-11273301.79133528	
1.428125000000007e-09	-13882570.23268021	
1.431250000000007e-09	-16595421.77775812	
1.434375000000007e-09	-18846362.28294393	
1.437500000000007e-09	-20612799.89466057	
1.440625000000007e-09	-21617499.3237162	
1.443750000000007e-09	-22379794.54006226	
1.446875000000007e-09	-22555275.61082041	
1.450000000000007e-09	-21943402.1390701	
1.453125000000007e-09	-20801987.19318441	
1.456250000000007e-09	-19502488.64578019	
1.459375000000007e-09	-17249352.16597473	
1.462500000000007e-09	-14582094.84513756	
1.465625000000007e-09	-11547626.15173968	
1.468750000000007e-09	-7947920.584591148	
1.471875000000007e-09	-4210133.721614628	
1.475000000000007e-09	200849.0775510965	
1.478125000000007e-09	3959258.939379325	
1.481250000000007e-09	8439084.247958066	
1.484375000000008e-09	12382479.35178282	
1.487500000000008e-09	16250607.64383248	
1.490625000000008e-09	19514316.8469348	
1.493750000000008e-09	22384363.98352095	
1.496875000000008e-09	24761693.02673366	
1.500000000000008e-09	26105306.60488214	
1.503125000000008e-09	27108477.71146051	
1.506250000000008e-09	27445063.8746759	
1.509375000000008e-09	27039612.62103833	
1.512500000000008e-09	26071336.9437466	
1.515625000000008e-09	24762789.68200589	
1.518750000000008e-09	22967894.90590846	
1.521875000000008e-09	20989769.60409358	
1.525000000000008e-09	18655637.72493271	
1.528125000000008e-09	16674898.26583254	
1.531250000000008e-09	14218690.37786182	
1.534375000000008e-09	11967083.85800945	
1.537500000000008e-09	9640979.751005396	
1.540625000000008e-09	7431809.07788348	
1.543750000000008e-09	5173448.375440164	
1.546875000000008e-09	2762579.33791839	
1.550000000000008e-09	712897.3851230809	
1.553125000000008e-09	-1918806.052744431	
1.556250000000008e-09	-4246347.269910679	
1.559375000000008e-09	-6780461.527285289	
1.562500000000008e-09	-9008626.939295478	
1.565625000000008e-09	-11216964.88433824	
1.568750000000008e-09	-13201062.29841741	
1.571875000000008e-09	-14638205.91736101	
1.575000000000008e-09	-15815863.74336888	
1.578125000000008e-09	-16443103.48161364	
1.581250000000008e-09	-16446783.01272977	
1.584375000000008e-09	-15749976.26089745	
1.587500000000008e-09	-14526514.38966993	
1.590625000000008e-09	-12836028.90791518	
1.593750000000008e-09	-10739093.16364399	
1.596875000000009e-09	-8259499.540111141	
1.600000000000009e-09	-6113747.289913967	
1.603125000000009e-09	-3504108.079940131	
1.606250000000009e-09	-1479427.119942148	
1.609375000000009e-09	351879.887691504	
1.612500000000009e-09	1559297.093499952	
1.615625000000009e-09	2417619.828305758	
1.618750000000009e-09	2773722.856542271	
1.621875000000009e-09	2700345.4045649	
1.625000000000009e-09	2402243.063713576	
1.628125000000009e-09	2117566.23632662	
1.631250000000009e-09	1742327.160724647	
1.634375000000009e-09	1521134.866346126	
1.637500000000009e-09	1675176.341694376	
1.640625000000009e-09	2232796.531489931	
1.643750000000009e-09	3055009.247368948	
1.646875000000009e-09	4415613.370403998	
1.650000000000009e-09	5947658.422938511	
1.653125000000009e-09	7757548.812431982	
1.656250000000009e-09	9156474.92290749	
1.659375000000009e-09	10664697.60819388	
1.662500000000009e-09	11650603.59788837	
1.665625000000009e-09	12079816.3636194	
1.668750000000009e-09	11944906.19447795	
1.671875000000009e-09	11297039.84695578	
1.675000000000009e-09	9747595.31051687	
1.678125000000009e-09	7924900.484437948	
1.681250000000009e-09	5572253.7979469	
1.684375000000009e-09	3382165.219176158	
1.687500000000009e-09	996884.5816566751	
1.690625000000009e-09	-1019620.870358137	
1.693750000000009e-09	-2527942.343744809	
1.696875000000009e-09	-3667110.514130577	
1.700000000000009e-09	-4215562.474608769	
1.703125000000009e-09	-4031461.479904008	
1.706250000000009e-09	-3354188.006368837	
1.70937500000001e-09	-2342564.010939422	
1.71250000000001e-09	-1151398.793761736	
1.71562500000001e-09	183087.2117675643	
1.71875000000001e-09	1250837.090519513	
1.72187500000001e-09	1951102.351703317	
1.72500000000001e-09	2449083.369214555	
1.72812500000001e-09	2460196.169837402	
1.73125000000001e-09	1866973.334918238	
1.73437500000001e-09	994508.624816487	
1.73750000000001e-09	-130962.2776208062	
1.74062500000001e-09	-1380795.61129453	
1.74375000000001e-09	-2558739.828294555	
1.74687500000001e-09	-3443209.683569639	
1.75000000000001e-09	-3862903.422053549	
1.75312500000001e-09	-3963044.449768552	
1.75625000000001e-09	-3550439.783431888	
1.75937500000001e-09	-2476524.463144053	
1.76250000000001e-09	-1098897.418568807	
1.76562500000001e-09	548671.5744698822	
1.76875000000001e-09	2508175.517028323	
1.77187500000001e-09	4290777.306101522	
1.77500000000001e-09	5924191.755474155	
1.77812500000001e-09	7010915.111092432	
1.78125000000001e-09	7863916.413406738	
1.78437500000001e-09	8036240.281968185	
1.78750000000001e-09	7660302.963336118	
1.79062500000001e-09	6862970.275853171	
1.79375000000001e-09	5693686.591626247	
1.79687500000001e-09	4023810.644466291	
1.80000000000001e-09	2458556.758638734	
1.80312500000001e-09	741636.8087091201	
1.80625000000001e-09	-557915.1347672114	
1.80937500000001e-09	-1804866.829093459	
1.81250000000001e-09	-2554083.096706712	
1.81562500000001e-09	-2953019.807102281	
1.81875000000001e-09	-3072696.5853689	
1.821875000000011e-09	-2860236.390285151	
1.825000000000011e-09	-2225513.74306661	
1.828125000000011e-09	-1609076.232458156	
1.831250000000011e-09	-941344.8351100929	
1.834375000000011e-09	-345988.600387438	
1.837500000000011e-09	152565.8626165517	
1.840625000000011e-09	340366.8184930051	
1.843750000000011e-09	391898.2488378899	
1.846875000000011e-09	373387.5436610861	
1.850000000000011e-09	183475.7095324594	
1.853125000000011e-09	-203557.2736848373	
1.856250000000011e-09	-451523.4688570744	
1.859375000000011e-09	-594082.6547082138	
1.862500000000011e-09	-625205.9284974975	
1.865625000000011e-09	-434710.4830025223	
1.868750000000011e-09	133462.0492939746	
1.87187500000001e-09	803205.9652929615	
1.87500000000001e-09	1673150.060670976	
1.87812500000001e-09	2610095.593925459	
1.88125000000001e-09	3797810.056302861	
1.88437500000001e-09	4712025.224767656	
1.887500000000009e-09	5602522.156142213	
1.890625000000009e-09	6342068.004845561	
1.893750000000009e-09	6731653.543770355	
1.896875000000009e-09	6730211.22448215	
1.900000000000009e-09	6543848.06894438	
1.903125000000009e-09	6031669.613003399	
1.906250000000008e-09	5306099.209120758	
1.909375000000008e-09	4329784.146918514	
1.912500000000008e-09	3373134.653928597	
1.915625000000008e-09	2305573.222421832	
1.918750000000008e-09	1178562.397754579	
1.921875000000007e-09	309855.7585459006	
1.925000000000007e-09	-427449.7759397473	
1.928125000000007e-09	-968524.1111594071	
1.931250000000007e-09	-1407132.49838838	
1.934375000000007e-09	-1536462.314652872	
1.937500000000007e-09	-1592019.073739877	
1.940625000000006e-09	-1604399.643590622	
1.943750000000006e-09	-1433422.751114364	
1.946875000000006e-09	-1152714.486265059	
1.950000000000006e-09	-1010518.065428186	
1.953125000000006e-09	-876696.6793532229	
1.956250000000006e-09	-721694.1802282041	
1.959375000000005e-09	-634794.2248915748	
1.962500000000005e-09	-622639.9077670567	
1.965625000000005e-09	-553917.0609110935	
1.968750000000005e-09	-417974.890503327	
1.971875000000005e-09	-340575.3972529402	
1.975000000000004e-09	-269094.1650384019	
1.978125000000004e-09	-69707.89007378783	
1.981250000000004e-09	232655.8468802666	
1.984375000000004e-09	471252.4431802877	
1.987500000000004e-09	845446.0208252512	
1.990625000000004e-09	1300344.449499512	
1.993750000000003e-09	1610633.205659774	
1.996875000000003e-09	1857183.48558858	
2.000000000000003e-09	2122499.128576141	
2.003125000000003e-09	2319922.441537169	
2.006250000000003e-09	2309236.632286927	
2.009375000000002e-09	2278078.701371286	
2.012500000000002e-09	2171869.611984448	
2.015625000000002e-09	1881849.959169203	
2.018750000000002e-09	1498333.476617921	
2.021875000000002e-09	1182272.631808401	
2.025000000000002e-09	836354.4963637538	
2.028125000000001e-09	493919.3800774437	
2.031250000000001e-09	173786.7749194614	
2.034375000000001e-09	30641.68495901201	
2.037500000000001e-09	-114327.3095629681	
2.040625000000001e-09	-192098.4809080432	
2.043750000000001e-09	-61542.73764901606	
2.046875e-09	204484.2096092427	
2.05e-09	418342.253843132	
2.053125e-09	802713.9260625669	
2.05625e-09	1232865.535751936	
2.059375e-09	1655369.413656245	
2.062499999999999e-09	2050602.874978927	
2.065624999999999e-09	2538115.277535924	
2.068749999999999e-09	3002462.220828712	
2.071874999999999e-09	3322948.945415788	
2.074999999999999e-09	3634785.563069017	
2.078124999999999e-09	3890601.802926787	
2.081249999999998e-09	4071867.868248437	
2.084374999999998e-09	4097783.721460274	
2.087499999999998e-09	4139441.975613474	
2.090624999999998e-09	4118768.395761969	
2.093749999999998e-09	3878332.024446689	
2.096874999999997e-09	3500986.126431924	
2.099999999999997e-09	3190959.895728365	
2.103124999999997e-09	2648717.205117546	
2.106249999999997e-09	2062251.16877545	
2.109374999999997e-09	1430285.845929983	
2.112499999999997e-09	798817.3499761819	
2.115624999999996e-09	7132.440610262358	
2.118749999999996e-09	-788218.5297769433	
2.121874999999996e-09	-1407023.998667864	
2.124999999999996e-09	-2097715.566641693	
2.128124999999996e-09	-2674529.756146659	
2.131249999999996e-09	-3184653.381230393	
2.134374999999995e-09	-3483353.873113197	
2.137499999999995e-09	-3761182.163284102	
2.140624999999995e-09	-3899384.72224137	
2.143749999999995e-09	-3776557.443975439	
2.146874999999995e-09	-3481205.678243451	
2.149999999999994e-09	-3196358.270046277	
2.153124999999994e-09	-2651846.684883178	
2.156249999999994e-09	-2061193.451124195	
2.159374999999994e-09	-1422789.951483008	
2.162499999999994e-09	-746988.0670727333	
2.165624999999994e-09	104855.5805114487	
2.168749999999993e-09	974462.0514391281	
2.171874999999993e-09	1699098.746764219	
2.174999999999993e-09	2537880.559183541	
2.178124999999993e-09	3271086.854488508	
2.181249999999993e-09	4019352.636742983	
2.184374999999992e-09	4611574.830826429	
2.187499999999992e-09	5258528.698306395	
2.190624999999992e-09	5772333.707134854	
2.193749999999992e-09	6066748.163621686	
2.196874999999992e-09	6283232.622207528	
2.199999999999992e-09	6439226.415637851	
2.203124999999991e-09	6370937.464652091	
2.206249999999991e-09	6115684.076015205	
2.209374999999991e-09	5776784.006969891	
2.212499999999991e-09	5281016.909808914	
2.215624999999991e-09	4518147.346702833	
2.218749999999991e-09	3648291.068333294	
2.22187499999999e-09	2813365.203958776	
2.22499999999999e-09	1708525.624205712	
2.22812499999999e-09	739315.2487321236	
2.23124999999999e-09	-313569.8056156472	
2.23437499999999e-09	-1237608.864396631	
2.237499999999989e-09	-2229305.884278957	
2.240624999999989e-09	-3020092.307454037	
2.243749999999989e-09	-3577466.458547014	
2.246874999999989e-09	-4038477.815670752	
2.249999999999989e-09	-4342275.258038387	
2.253124999999989e-09	-4405983.40619699	
2.256249999999988e-09	-4278212.920589398	
2.259374999999988e-09	-4098043.755977452	
2.262499999999988e-09	-3726698.313756485	
2.265624999999988e-09	-3141141.328974239	
2.268749999999988e-09	-2516191.924990299	
2.271874999999987e-09	-1929210.218793115	
2.274999999999987e-09	-1134796.345312624	
2.278124999999987e-09	-447032.9727269628	
2.281249999999987e-09	296569.8823217269	
2.284374999999987e-09	997045.6196962236	
2.287499999999987e-09	1814116.146454533	
2.290624999999986e-09	2529683.741608458	
2.293749999999986e-09	3146982.325602271	
2.296874999999986e-09	3813930.171364604	
2.299999999999986e-09	4365730.338632463	
2.303124999999986e-09	4864292.021822992	
2.306249999999985e-09	5228863.87465685	
2.309374999999985e-09	5632163.056578249	
2.312499999999985e-09	5814568.599890029	
2.315624999999985e-09	5784987.49296968	
2.318749999999985e-09	5694011.79716078	
2.321874999999985e-09	5490399.767338295	
2.324999999999984e-09	4981769.334066207	
2.328124999999984e-09	4451404.324503816	
2.331249999999984e-09	3751125.058916079	
2.334374999999984e-09	2972705.908164226	
2.337499999999984e-09	2005792.245765558	
2.340624999999984e-09	1098254.002989217	
2.343749999999983e-09	241087.5095699294	
2.346874999999983e-09	-686922.4813876628	
2.349999999999983e-09	-1434103.495141797	
2.353124999999983e-09	-2139681.501361837	
2.356249999999983e-09	-2624571.149368082	
2.359374999999982e-09	-3077068.585729581	
2.362499999999982e-09	-3260213.439230323	
2.365624999999982e-09	-3232719.503760646	
2.368749999999982e-09	-3111994.550662418	
2.371874999999982e-09	-2882660.922605188	
2.374999999999982e-09	-2440922.829796632	
2.378124999999981e-09	-2042353.267362436	
2.381249999999981e-09	-1548012.749123223	
2.384374999999981e-09	-1007147.788136005	
2.387499999999981e-09	-397131.718696871	
2.390624999999981e-09	129693.7131011156	
2.39374999999998e-09	618016.8975351023	
2.39687499999998e-09	1145322.919513376	
2.39999999999998e-09	1569944.313088523	
2.40312499999998e-09	1972270.521808804	
2.40624999999998e-09	2311941.674930212	
2.40937499999998e-09	2712651.63148536	
2.412499999999979e-09	2974118.03838916	
2.415624999999979e-09	3146067.82359599	
2.418749999999979e-09	3341259.037792058	
2.421874999999979e-09	3487060.89486112	
2.424999999999979e-09	3520954.441814987	
2.428124999999979e-09	3537148.948308987	
2.431249999999978e-09	3523191.383675746	
2.434374999999978e-09	3359217.605525548	
2.437499999999978e-09	3077811.766150432	
2.440624999999978e-09	2782005.965792895	
2.443749999999978e-09	2434562.778087149	
2.446874999999977e-09	1980424.076583307	
2.449999999999977e-09	1561952.278287682	
2.453124999999977e-09	1050544.286736368	
2.456249999999977e-09	580238.4261839982	
2.459374999999977e-09	50131.95370602502	
2.462499999999977e-09	-341229.1441684371	
2.465624999999976e-09	-641108.2599061328	
2.468749999999976e-09	-895494.5477841378	
2.471874999999976e-09	-1034211.800892934	
2.474999999999976e-09	-1046684.049550812	
2.478124999999976e-09	-1002962.555088412	
2.481249999999975e-09	-867881.7332528892	
2.484374999999975e-09	-609176.5269410821	
2.487499999999975e-09	-258792.2304094761	
2.490624999999975e-09	72137.72455106284	
2.493749999999975e-09	405319.9707117749	
2.496874999999975e-09	799133.0735749169	
2.499999999999974e-09	1118843.602026038	
2.503124999999974e-09	1425821.223017152	
2.506249999999974e-09	1652745.727978228	
2.509374999999974e-09	1907536.512643023	
2.512499999999974e-09	2040117.901003708	
2.515624999999974e-09	2088309.560957481	
2.518749999999973e-09	2132942.352170353	
2.521874999999973e-09	2119722.669617767	
2.524999999999973e-09	2018029.324882974	
2.528124999999973e-09	1935444.448881918	
2.531249999999973e-09	1839264.816677675	
2.534374999999972e-09	1668360.167831688	
2.537499999999972e-09	1451889.880376548	
2.540624999999972e-09	1273708.452635347	
2.543749999999972e-09	1084783.243254439	
2.546874999999972e-09	835641.0516858347	
2.549999999999972e-09	642389.5982970529	
2.553124999999971e-09	422574.1451037608	
2.556249999999971e-09	213292.9453726024	
2.559374999999971e-09	-36047.043852861	
2.562499999999971e-09	-208658.4492333693	
2.565624999999971e-09	-335573.735563221	
2.56874999999997e-09	-474578.4227728254	
2.57187499999997e-09	-558837.9582671336	
2.57499999999997e-09	-553936.8896159548	
2.57812499999997e-09	-528031.8598393491	
2.58124999999997e-09	-439491.9135575621	
2.58437499999997e-09	-235059.7551088558	
2.587499999999969e-09	57840.4684396827	
2.590624999999969e-09	360124.0840912461	
2.593749999999969e-09	704799.1050649702	
2.596874999999969e-09	1132246.022137941	
2.599999999999969e-09	1490553.311522209	
2.603124999999969e-09	1923251.781120424	
2.606249999999968e-09	2299632.863601719	
2.609374999999968e-09	2688208.584343396	
2.612499999999968e-09	2944370.351864603	
2.615624999999968e-09	3139474.131572718	
2.618749999999968e-09	3281474.953534299	
2.621874999999967e-09	3321331.811558933	
2.624999999999967e-09	3231208.278478303	
2.628124999999967e-09	3142836.012980489	
2.631249999999967e-09	2971365.810849068	
2.634374999999967e-09	2689834.063795507	
2.637499999999967e-09	2338639.978649159	
2.640624999999966e-09	2008771.45154547	
2.643749999999966e-09	1639698.659304228	
2.646874999999966e-09	1223441.58475769	
2.649999999999966e-09	901403.8636107906	
2.653124999999966e-09	499406.535448508	
2.656249999999965e-09	127403.6876984658	
2.659374999999965e-09	-260503.9608627802	
2.662499999999965e-09	-555193.3041294535	
2.665624999999965e-09	-849534.3147188405	
2.668749999999965e-09	-1129387.856755935	
2.671874999999965e-09	-1313762.92017842	
2.674999999999964e-09	-1460219.447390498	
2.678124999999964e-09	-1572761.139662161	
2.681249999999964e-09	-1625845.868150796	
2.684374999999964e-09	-1570987.707264579	
2.687499999999964e-09	-1468369.681256764	
2.690624999999964e-09	-1319305.531611304	
2.693749999999963e-09	-1065931.081087591	
2.696874999999963e-09	-727427.5092328187	
2.699999999999963e-09	-406420.7625958069	
2.703124999999963e-09	60821.55692372863	
2.706249999999963e-09	528551.8198053867	
2.709374999999962e-09	1059432.52251939	
2.712499999999962e-09	1533811.611133374	
2.715624999999962e-09	2038274.489251838	
2.718749999999962e-09	2510657.285467013	
2.721874999999962e-09	2892872.396803697	
2.724999999999962e-09	3286349.396627333	
2.728124999999961e-09	3580110.657608582	
2.731249999999961e-09	3806950.60155561	
2.734374999999961e-09	3885885.647880649	
2.737499999999961e-09	3913805.640578462	
2.740624999999961e-09	3869734.40757421	
2.74374999999996e-09	3716949.585370788	
2.74687499999996e-09	3482820.127503871	
2.74999999999996e-09	3264411.447316704	
2.75312499999996e-09	2903915.097773144	
2.75624999999996e-09	2508012.411006686	
2.75937499999996e-09	2062878.649450542	
2.762499999999959e-09	1653106.893397626	
2.765624999999959e-09	1185180.665930833	
2.768749999999959e-09	716738.7246752931	
2.771874999999959e-09	319292.3796912635	
2.774999999999959e-09	-151460.2003512194	
2.778124999999958e-09	-557931.1273712653	
2.781249999999958e-09	-964334.0971907107	
2.784374999999958e-09	-1236359.020250109	
2.787499999999958e-09	-1491603.273384839	
2.790624999999958e-09	-1685335.702991827	
2.793749999999958e-09	-1785465.216861961	
2.796874999999957e-09	-1841531.050454704	
2.799999999999957e-09	-1843189.818825818	
2.803124999999957e-09	-1697519.487253331	
2.806249999999957e-09	-1480007.928545071	
2.809374999999957e-09	-1207461.185480125	
2.812499999999957e-09	-895985.9913033943	
2.815624999999956e-09	-505329.1328318688	
2.818749999999956e-09	-97283.77098536516	
2.821874999999956e-09	294527.7133242284	
2.824999999999956e-09	774835.2292961557	
2.828124999999956e-09	1191789.315457411	
2.831249999999955e-09	1622707.570922541	
2.834374999999955e-09	1973437.01644004	
2.837499999999955e-09	2324110.563997093	
2.840624999999955e-09	2605054.488426616	
2.843749999999955e-09	2834057.833732958	
2.846874999999955e-09	3081391.474299218	
2.849999999999954e-09	3251642.886572934	
2.853124999999954e-09	3319441.945345349	
2.856249999999954e-09	3321767.247266584	
2.859374999999954e-09	3284603.451364501	
2.862499999999954e-09	3198500.800740608	
2.865624999999953e-09	3060150.365442181	
2.868749999999953e-09	2894121.353991168	
2.871874999999953e-09	2691213.518984932	
2.874999999999953e-09	2344750.164970703	
2.878124999999953e-09	2018417.387091751	
2.881249999999953e-09	1666257.496152897	
2.884374999999952e-09	1315822.243663901	
2.887499999999952e-09	922186.6051311417	
2.890624999999952e-09	556885.2481957203	
2.893749999999952e-09	196058.2227536203	
2.896874999999952e-09	-169649.0001165644	
2.899999999999952e-09	-451714.0582654516	
2.903124999999951e-09	-710926.0221969432	
2.906249999999951e-09	-873416.9154176215	
2.909374999999951e-09	-1021618.33386365	
2.912499999999951e-09	-1073334.610008804	
2.915624999999951e-09	-1071274.4429824	
2.91874999999995e-09	-1029114.300458186	
2.92187499999995e-09	-907359.1665705387	
2.92499999999995e-09	-653649.1749606507	
2.92812499999995e-09	-418164.6805692617	
2.93124999999995e-09	-136344.0519208521	
2.93437499999995e-09	132102.3954786268	
2.937499999999949e-09	418999.4087450369	
2.940624999999949e-09	667550.8119485141	
2.943749999999949e-09	910290.7153960696	
2.946874999999949e-09	1179952.523318375	
2.949999999999949e-09	1398972.019010328	
2.953124999999948e-09	1609246.076201886	
2.956249999999948e-09	1757359.636203253	
2.959374999999948e-09	1906498.15051848	
2.962499999999948e-09	2011502.03707607	
2.965624999999948e-09	2082777.663948466	
2.968749999999948e-09	2139538.4816831	
2.971874999999947e-09	2176787.640770906	
2.974999999999947e-09	2159212.257582731	
2.978124999999947e-09	2112603.564007623	
2.981249999999947e-09	2030769.340134359	
2.984374999999947e-09	1920657.117305934	
2.987499999999947e-09	1791214.465321447	
2.990624999999946e-09	1674688.688926516	
2.993749999999946e-09	1510660.616355872	
2.996874999999946e-09	1298963.326947137	
2.999999999999946e-09	1108828.403541338	
3.003124999999946e-09	889086.5975676823	
3.006249999999945e-09	709131.8546055112	
3.009374999999945e-09	538088.173484296	
3.012499999999945e-09	403695.5593759061	
3.015624999999945e-09	293886.0404760703	
3.018749999999945e-09	201752.3328779611	
3.021874999999945e-09	157878.3170984358	
3.024999999999944e-09	159966.0351588629	
3.028124999999944e-09	191764.0031931715	
3.031249999999944e-09	251198.214991173	
3.034374999999944e-09	339026.7986930874	
3.037499999999944e-09	451393.5582509079	
3.040624999999943e-09	555441.0139799361	
3.043749999999943e-09	694898.5075173364	
3.046874999999943e-09	868416.80679028	
3.049999999999943e-09	996372.5716525032	
3.053124999999943e-09	1109084.596974532	
3.056249999999943e-09	1185410.258020411	
3.059374999999942e-09	1238517.825778038	
3.062499999999942e-09	1257659.77274741	
3.065624999999942e-09	1273745.572363388	
3.068749999999942e-09	1304608.149494797	
3.071874999999942e-09	1312229.099201888	
3.074999999999942e-09	1276123.231493314	
3.078124999999941e-09	1243216.03405882	
3.081249999999941e-09	1213973.111849434	
3.084374999999941e-09	1158616.802787803	
3.087499999999941e-09	1094827.222558895	
3.090624999999941e-09	1033934.72147039	
3.09374999999994e-09	970872.5476011555	
3.09687499999994e-09	867293.1773880679	
3.09999999999994e-09	778502.5161411993	
3.10312499999994e-09	699231.0576684687	
3.10624999999994e-09	625626.4113786833	
3.10937499999994e-09	554831.0783813816	
3.112499999999939e-09	487218.5191823432	
3.115624999999939e-09	409986.3654227103	
3.118749999999939e-09	345425.6865054487	
3.121874999999939e-09	333637.5678792406	
3.124999999999939e-09	370692.9733741939	
3.128124999999938e-09	400625.0640435516	
3.131249999999938e-09	455605.1474250431	
3.134374999999938e-09	544068.4083778587	
3.137499999999938e-09	641385.9310176434	
3.140624999999938e-09	741329.3259228851	
3.143749999999938e-09	880117.1982236658	
3.146874999999937e-09	1059671.198047568	
3.149999999999937e-09	1211541.305952647	
3.153124999999937e-09	1371957.970647196	
3.156249999999937e-09	1511066.719456886	
3.159374999999937e-09	1648894.719938777	
3.162499999999937e-09	1739131.248949317	
3.165624999999936e-09	1825714.5713439	
3.168749999999936e-09	1901200.862048213	
3.171874999999936e-09	1915887.535740578	
3.174999999999936e-09	1880784.742923293	
3.178124999999936e-09	1835086.189634964	
3.181249999999935e-09	1752400.376398231	
3.184374999999935e-09	1635987.235609878	
3.187499999999935e-09	1526023.351470397	
3.190624999999935e-09	1411252.04111418	
3.193749999999935e-09	1239570.966610863	
3.196874999999935e-09	1019206.163719659	
3.199999999999934e-09	850098.3574165254	
3.203124999999934e-09	655630.3571569162	
3.206249999999934e-09	490679.9812865696	
3.209374999999934e-09	338870.0227141886	
3.212499999999934e-09	211997.1426884449	
3.215624999999933e-09	69875.92697306904	
3.218749999999933e-09	-75007.37772701835	
3.221874999999933e-09	-160959.4622441542	
3.224999999999933e-09	-219632.9255794215	
3.228124999999933e-09	-256874.7411527835	
3.231249999999933e-09	-250795.531344053	
3.234374999999932e-09	-201641.098825211	
3.237499999999932e-09	-138600.206118846	
3.240624999999932e-09	-68007.99185064255	
3.243749999999932e-09	71496.54101819675	
3.246874999999932e-09	269123.9551873313	
3.249999999999931e-09	427120.1082369458	
3.253124999999931e-09	621959.3552494957	
3.256249999999931e-09	800849.8623531532	
3.259374999999931e-09	1002521.980519166	
3.262499999999931e-09	1197700.132355151	
3.265624999999931e-09	1418881.631890832	
3.26874999999993e-09	1619605.955079958	
3.27187499999993e-09	1765644.079819559	
3.27499999999993e-09	1894818.785525915	
3.27812499999993e-09	2000979.204126042	
3.28124999999993e-09	2081014.245587418	
3.28437499999993e-09	2101298.060549812	
3.287499999999929e-09	2114700.608095044	
3.290624999999929e-09	2101457.369104207	
3.293749999999929e-09	2020313.581452943	
3.296874999999929e-09	1913645.608111856	
3.299999999999929e-09	1831468.720568328	
3.303124999999928e-09	1706846.374852938	
3.306249999999928e-09	1571032.23641161	
3.309374999999928e-09	1413623.533952258	
3.312499999999928e-09	1267377.757269158	
3.315624999999928e-09	1082168.797851306	
3.318749999999928e-09	889794.4409219313	
3.321874999999927e-09	732023.4643508525	
3.324999999999927e-09	545475.4034655076	
3.328124999999927e-09	379233.3511397371	
3.331249999999927e-09	211875.0528945895	
3.334374999999927e-09	77587.22848018078	
3.337499999999926e-09	-61811.75901240308	
3.340624999999926e-09	-172282.5668453797	
3.343749999999926e-09	-227801.2406094353	
3.346874999999926e-09	-270535.3672158528	
3.349999999999926e-09	-294255.7843679403	
3.353124999999926e-09	-260821.1851935406	
3.356249999999925e-09	-203631.5503795448	
3.359374999999925e-09	-115074.8455474284	
3.362499999999925e-09	4906.255753485246	
3.365624999999925e-09	151593.4543534159	
3.368749999999925e-09	320209.9325156966	
3.371874999999925e-09	489185.7136915257	
3.374999999999924e-09	706928.1096933871	
3.378124999999924e-09	884038.5082852464	
3.381249999999924e-09	1072441.042645945	
3.384374999999924e-09	1240422.318918574	
3.387499999999924e-09	1415848.045069927	
3.390624999999923e-09	1550326.088321011	
3.393749999999923e-09	1640401.364275152	
3.396874999999923e-09	1710359.710423844	
3.399999999999923e-09	1752319.805474513	
3.403124999999923e-09	1763582.373534081	
3.406249999999923e-09	1772295.371122783	
3.409374999999922e-09	1770273.398537178	
3.412499999999922e-09	1727774.559339692	
3.415624999999922e-09	1651036.6720643	
3.418749999999922e-09	1576045.365565054	
3.421874999999922e-09	1500839.671459364	
3.424999999999921e-09	1406627.941999153	
3.428124999999921e-09	1331558.389053609	
3.431249999999921e-09	1255933.454574559	
3.434374999999921e-09	1173900.202203931	
3.437499999999921e-09	1062315.613088144	
3.440624999999921e-09	945977.6310098701	
3.44374999999992e-09	836026.6235685387	
3.44687499999992e-09	728899.3278332991	
3.44999999999992e-09	645766.0676019539	
3.45312499999992e-09	550375.15173062	
3.45624999999992e-09	465439.1601753669	
3.45937499999992e-09	371823.4423499005	
3.462499999999919e-09	304508.6687554783	
3.465624999999919e-09	266517.120748965	
3.468749999999919e-09	240470.779340823	
3.471874999999919e-09	229706.2536681111	
3.474999999999919e-09	235315.1321211059	
3.478124999999918e-09	256275.8787305791	
3.481249999999918e-09	289742.2180745344	
3.484374999999918e-09	355149.9792674551	
3.487499999999918e-09	449347.8039460276	
3.490624999999918e-09	525208.159286232	
3.493749999999918e-09	585456.4032267397	
3.496874999999917e-09	659277.9950943448	
3.499999999999917e-09	729590.7645943456	
3.503124999999917e-09	787850.6246978948	
3.506249999999917e-09	840061.8786420398	
3.509374999999917e-09	918771.8908423863	
3.512499999999916e-09	968248.5179699702	
3.515624999999916e-09	993823.4831267972	
3.518749999999916e-09	1000254.549442951	
3.521874999999916e-09	1028168.101406752	
3.524999999999916e-09	1062453.735720831	
3.528124999999916e-09	1092320.306259817	
3.531249999999915e-09	1122365.428160772	
3.534374999999915e-09	1134554.583510235	
3.537499999999915e-09	1149850.32671464	
3.540624999999915e-09	1165949.211068569	
3.543749999999915e-09	1173413.881516282	
3.546874999999915e-09	1186529.95762146	
3.549999999999914e-09	1181696.644917097	
3.553124999999914e-09	1176188.341010312	
3.556249999999914e-09	1166833.460130206	
3.559374999999914e-09	1142525.308704104	
3.562499999999914e-09	1108955.581238856	
3.565624999999913e-09	1082193.009213116	
3.568749999999913e-09	1069708.106103633	
3.571874999999913e-09	1050093.163853293	
3.574999999999913e-09	1013507.91423438	
3.578124999999913e-09	974402.7640723657	
3.581249999999913e-09	938915.5631387554	
3.584374999999912e-09	912971.5119333693	
3.587499999999912e-09	896899.8990593593	
3.590624999999912e-09	892765.6992364499	
3.593749999999912e-09	874962.2622216674	
3.596874999999912e-09	820677.4160841649	
3.599999999999911e-09	765405.8046232791	
3.603124999999911e-09	709856.4381488684	
3.606249999999911e-09	671338.5434141085	
3.609374999999911e-09	630228.5531246844	
3.612499999999911e-09	597079.7857465376	
3.615624999999911e-09	529321.6511301085	
3.61874999999991e-09	470489.248996958	
3.62187499999991e-09	432805.0396859497	
3.62499999999991e-09	401541.9416138688	
3.62812499999991e-09	391867.9836782565	
3.63124999999991e-09	387355.5008234253	
3.63437499999991e-09	392848.0531356309	
3.637499999999909e-09	402416.8451962839	
3.640624999999909e-09	413496.0509930088	
3.643749999999909e-09	437041.1417600024	
3.646874999999909e-09	505595.8835619814	
3.649999999999909e-09	575729.8922622723	
3.653124999999908e-09	646703.0796089923	
3.656249999999908e-09	700509.4121605912	
3.659374999999908e-09	757132.3364030566	
3.662499999999908e-09	811774.7679963583	
3.665624999999908e-09	867138.2008051786	
3.668749999999908e-09	931948.1368146234	
3.671874999999907e-09	984930.3837062058	
3.674999999999907e-09	1029440.541531523	
3.678124999999907e-09	1071837.037194808	
3.681249999999907e-09	1121854.577972559	
3.684374999999907e-09	1170588.663502637	
3.687499999999906e-09	1231105.053658739	
3.690624999999906e-09	1282954.175064276	
3.693749999999906e-09	1309057.949717129	
3.696874999999906e-09	1344477.860765709	
3.699999999999906e-09	1372974.50815183	
3.703124999999906e-09	1377313.903279291	
3.706249999999905e-09	1372820.639057514	
3.709374999999905e-09	1357918.964157921	
3.712499999999905e-09	1303205.071303453	
3.715624999999905e-09	1230785.912279725	
3.718749999999905e-09	1138644.5633772	
3.721874999999904e-09	1050884.613919584	
3.724999999999904e-09	956766.8412684493	
3.728124999999905e-09	876033.5133952209	
3.731249999999905e-09	779140.7996489833	
3.734374999999905e-09	684825.2502502006	
3.737499999999905e-09	576634.7759436449	
3.740624999999905e-09	500874.7305513693	
3.743749999999906e-09	447375.3506925608	
3.746874999999906e-09	391978.9070285934	
3.749999999999906e-09	353943.2745884637	
3.753124999999906e-09	322239.9574573145	
3.756249999999907e-09	290857.7832517167	
3.759374999999907e-09	250331.8596421081	
3.762499999999907e-09	240071.5895951147	
3.765624999999907e-09	243915.73873065	
3.768749999999908e-09	257816.0989651791	
3.771874999999908e-09	278923.124245761	
3.774999999999908e-09	301809.74566755	
3.778124999999908e-09	316362.3430589896	
3.781249999999909e-09	351205.004042996	
3.784374999999909e-09	415675.5803048312	
3.787499999999909e-09	503333.4109083532	
3.790624999999909e-09	583496.581163674	
3.793749999999909e-09	670576.7341142741	
3.79687499999991e-09	754723.7133120673	
3.79999999999991e-09	829199.0863469893	
3.80312499999991e-09	955710.4585213774	
3.80624999999991e-09	1064197.448988708	
3.809374999999911e-09	1175602.936120936	
3.812499999999911e-09	1250067.786149841	
3.815624999999911e-09	1310666.78296895	
3.818749999999911e-09	1364586.135107509	
3.821874999999912e-09	1394653.399512748	
3.824999999999912e-09	1410893.301251925	
3.828124999999912e-09	1415672.649094035	
3.831249999999912e-09	1400308.446206902	
3.834374999999913e-09	1357759.742435816	
3.837499999999913e-09	1303672.394724313	
3.840624999999913e-09	1242853.71497362	
3.843749999999913e-09	1164462.537278649	
3.846874999999913e-09	1082812.776065138	
3.849999999999914e-09	1015585.713761058	
3.853124999999914e-09	932968.4980580134	
3.856249999999914e-09	855834.8843018638	
3.859374999999914e-09	771238.7129870096	
3.862499999999915e-09	705986.5022042349	
3.865624999999915e-09	646607.0064709611	
3.868749999999915e-09	595629.8847412159	
3.871874999999915e-09	547286.6112939537	
3.874999999999916e-09	493465.9584280945	
3.878124999999916e-09	439617.8516501106	
3.881249999999916e-09	385877.1909863635	
3.884374999999916e-09	349574.6157260283	
3.887499999999917e-09	321755.1310869454	
3.890624999999917e-09	301201.1330189623	
3.893749999999917e-09	295952.9622144775	
3.896874999999917e-09	291860.7286577759	
3.899999999999917e-09	297946.5856975787	
3.903124999999918e-09	321184.619296346	
3.906249999999918e-09	347210.0980532587	
3.909374999999918e-09	387380.212676173	
3.912499999999918e-09	433737.6553057779	
3.915624999999919e-09	484373.4736915428	
3.918749999999919e-09	536584.8000251581	
3.921874999999919e-09	596023.815498178	
3.924999999999919e-09	676289.8501538906	
3.92812499999992e-09	740341.3356429356	
3.93124999999992e-09	810901.3473471827	
3.93437499999992e-09	871743.4794108851	
3.93749999999992e-09	932370.1893984128	
3.940624999999921e-09	975885.647707632	
3.943749999999921e-09	1019499.628058479	
3.946874999999921e-09	1069831.270319318	
3.949999999999921e-09	1105911.628685603	
3.953124999999921e-09	1133935.591701733	
3.956249999999922e-09	1139216.282429554	
3.959374999999922e-09	1129095.728934965	
3.962499999999922e-09	1116781.368330235	
3.965624999999922e-09	1097788.904606623	
3.968749999999923e-09	1086659.707981701	
3.971874999999923e-09	1067207.788528973	
3.974999999999923e-09	1034726.778721437	
3.978124999999923e-09	1004627.496297555	
3.981249999999924e-09	966663.9824445236	
3.984374999999924e-09	933458.8818408749	
3.987499999999924e-09	888960.5790349571	
3.990624999999924e-09	852807.4324337714	
3.993749999999925e-09	807184.3903299856	
3.996874999999925e-09	743989.0686651897	
3.999999999999925e-09	695259.4142875231	
4.003124999999925e-09	644021.611243077	
4.006249999999925e-09	607438.4436391428	
4.009374999999926e-09	576033.8355573799	
4.012499999999926e-09	555021.7136228154	
4.015624999999926e-09	532860.868703104	
4.018749999999926e-09	506029.6508253654	
4.021874999999927e-09	481028.0395685621	
4.024999999999927e-09	465275.4823973149	
4.028124999999927e-09	465516.0283499938	
4.031249999999927e-09	468755.5593105833	
4.034374999999928e-09	474356.3740477104	
4.037499999999928e-09	476114.0795657783	
4.040624999999928e-09	481356.0468419597	
4.043749999999928e-09	493300.2388126021	
4.046874999999928e-09	516258.8443100214	
4.049999999999929e-09	542920.0475527245	
4.053124999999929e-09	567881.5849780332	
4.056249999999929e-09	582150.2821427805	
4.059374999999929e-09	610131.5757969797	
4.06249999999993e-09	630588.4864386317	
4.06562499999993e-09	649390.078019354	
4.06874999999993e-09	668745.9881556109	
4.07187499999993e-09	685684.8448184428	
4.074999999999931e-09	699429.3784151934	
4.078124999999931e-09	712392.7759000158	
4.081249999999931e-09	739002.4291712998	
4.084374999999931e-09	772283.1565874951	
4.087499999999932e-09	820314.7231717047	
4.090624999999932e-09	866899.5505684973	
4.093749999999932e-09	912625.0414527019	
4.096874999999932e-09	947980.2252930817	
4.099999999999932e-09	971950.0810284555	
4.103124999999933e-09	1001005.259694609	
4.106249999999933e-09	1017413.084328151	
4.109374999999933e-09	1019382.557093987	
4.112499999999933e-09	1003391.192812534	
4.115624999999934e-09	978600.4207633565	
4.118749999999934e-09	956612.8682110989	
4.121874999999934e-09	937779.7421771417	
4.124999999999934e-09	911424.4023858884	
4.128124999999935e-09	890779.1400762039	
4.131249999999935e-09	867779.4746866907	
4.134374999999935e-09	832354.0367202385	
4.137499999999935e-09	788986.1759095739	
4.140624999999936e-09	753498.2794743798	
4.143749999999936e-09	720049.7237253493	
4.146874999999936e-09	695449.8492935637	
4.149999999999936e-09	664313.3613671869	
4.153124999999936e-09	616971.9325537825	
4.156249999999937e-09	580234.8666943093	
4.159374999999937e-09	541453.4477737513	
4.162499999999937e-09	504607.8304590557	
4.165624999999937e-09	471281.2157621448	
4.168749999999938e-09	442179.8572495514	
4.171874999999938e-09	414335.5415549696	
4.174999999999938e-09	384265.6470086608	
4.178124999999938e-09	355391.6969019401	
4.181249999999939e-09	338456.5968496171	
4.184374999999939e-09	340523.6097885104	
4.187499999999939e-09	352528.496393439	
4.190624999999939e-09	375900.8038465427	
4.19374999999994e-09	411419.3651011603	
4.19687499999994e-09	451532.647202356	
4.19999999999994e-09	474837.6887912661	
4.20312499999994e-09	507833.7415263445	
4.20624999999994e-09	557869.4613664824	
4.209374999999941e-09	618289.7352242802	
4.212499999999941e-09	668308.5258378537	
4.215624999999941e-09	714170.3464236357	
4.218749999999941e-09	759662.3555273407	
4.221874999999942e-09	803196.9408529451	
4.224999999999942e-09	857788.7010783767	
4.228124999999942e-09	902165.5347830757	
4.231249999999942e-09	916231.5017523291	
4.234374999999943e-09	934509.9307362519	
4.237499999999943e-09	968755.1363565007	
4.240624999999943e-09	1002388.866959286	
4.243749999999943e-09	1029590.691695647	
4.246874999999944e-09	1055305.346979909	
4.249999999999944e-09	1063503.301344679	
4.253124999999944e-09	1058131.949300545	
4.256249999999944e-09	1050345.802803671	
4.259374999999944e-09	1036652.770265458	
4.262499999999945e-09	1010465.113767375	
4.265624999999945e-09	976403.0619911023	
4.268749999999945e-09	938906.2652178123	
4.271874999999945e-09	891475.0668650805	
4.274999999999946e-09	814854.9846498508	
4.278124999999946e-09	743086.99550911	
4.281249999999946e-09	659959.5864948508	
4.284374999999946e-09	585528.3877480542	
4.287499999999947e-09	508490.2566323625	
4.290624999999947e-09	447240.9606560619	
4.293749999999947e-09	380418.5192394571	
4.296874999999947e-09	320345.5046232186	
4.299999999999948e-09	282733.0287969668	
4.303124999999948e-09	261517.3177137112	
4.306249999999948e-09	256936.3938642496	
4.309374999999948e-09	260653.1339019685	
4.312499999999948e-09	273952.7009188418	
4.315624999999949e-09	283806.4649382571	
4.318749999999949e-09	290144.1271096807	
4.321874999999949e-09	310076.5958237214	
4.324999999999949e-09	356831.3314253293	
4.32812499999995e-09	396281.2345223802	
4.33124999999995e-09	442334.0670239321	
4.33437499999995e-09	477298.6987639024	
4.33749999999995e-09	504925.3981859533	
4.340624999999951e-09	545529.4520265403	
4.343749999999951e-09	596356.3959654222	
4.346874999999951e-09	650899.4554864492	
4.349999999999951e-09	697652.7866067028	
4.353124999999952e-09	769208.5022572401	
4.356249999999952e-09	829713.1661451341	
4.359374999999952e-09	890309.8274342207	
4.362499999999952e-09	936010.4110100566	
4.365624999999952e-09	974733.6803923504	
4.368749999999953e-09	1023970.014548492	
4.371874999999953e-09	1057227.581958595	
4.374999999999953e-09	1072350.49699421	
4.378124999999953e-09	1077120.813642949	
4.381249999999954e-09	1071924.250910205	
4.384374999999954e-09	1054366.976732024	
4.387499999999954e-09	1028831.536675916	
4.390624999999954e-09	990779.57713911	
4.393749999999955e-09	939486.1856675103	
4.396874999999955e-09	878321.3065940683	
4.399999999999955e-09	825312.3924519708	
4.403124999999955e-09	759841.7221798217	
4.406249999999955e-09	706919.7059026581	
4.409374999999956e-09	648636.7325376031	
4.412499999999956e-09	605806.3478754059	
4.415624999999956e-09	561577.948856776	
4.418749999999956e-09	514619.9813154947	
4.421874999999957e-09	478282.4056552951	
4.424999999999957e-09	432392.4095039511	
4.428124999999957e-09	401761.8231960092	
4.431249999999957e-09	373926.0553696382	
4.434374999999958e-09	334127.2654762075	
4.437499999999958e-09	288320.2247909135	
4.440624999999958e-09	262125.8584968895	
4.443749999999958e-09	258774.0462590101	
4.446874999999959e-09	269549.2902666811	
4.449999999999959e-09	291733.9416612063	
4.453124999999959e-09	305863.7033093674	
4.456249999999959e-09	316119.2913626072	
4.459374999999959e-09	339135.3275094572	
4.46249999999996e-09	374544.6240257897	
4.46562499999996e-09	422906.2513876892	
4.46874999999996e-09	472658.7987104845	
4.47187499999996e-09	523621.108573576	
4.474999999999961e-09	583178.3059935954	
4.478124999999961e-09	626228.0569132743	
4.481249999999961e-09	669003.8029796567	
4.484374999999961e-09	713216.9509035369	
4.487499999999962e-09	770382.191866932	
4.490624999999962e-09	809342.1642213142	
4.493749999999962e-09	830119.1297682171	
4.496874999999962e-09	844379.0551929394	
4.499999999999963e-09	857243.9408996792	
4.503124999999963e-09	881472.3642744067	
4.506249999999963e-09	903030.5385741681	
4.509374999999963e-09	929867.0098555294	
4.512499999999963e-09	944283.5320431079	
4.515624999999964e-09	944716.908152697	
4.518749999999964e-09	942695.1587229201	
4.521874999999964e-09	934104.8323528718	
4.524999999999964e-09	926287.3862269148	
4.528124999999965e-09	921109.0137155263	
4.531249999999965e-09	900821.3346708786	
4.534374999999965e-09	874368.1504861219	
4.537499999999965e-09	837415.3243248728	
4.540624999999966e-09	786222.7124886898	
4.543749999999966e-09	726510.9985626397	
4.546874999999966e-09	672960.3912525069	
4.549999999999966e-09	625611.6799721156	
4.553124999999967e-09	573819.0052274296	
4.556249999999967e-09	519342.0803906328	
4.559374999999967e-09	460549.7124689326	
4.562499999999967e-09	419104.424437932	
4.565624999999967e-09	374293.5703739718	
4.568749999999968e-09	335277.6460134509	
4.571874999999968e-09	313957.6595925573	
4.574999999999968e-09	287616.6197984131	
4.578124999999968e-09	271874.3061441059	
4.581249999999969e-09	270317.3133509122	
4.584374999999969e-09	284878.3987255845	
4.587499999999969e-09	298783.36381383	
4.590624999999969e-09	321397.352342004	
4.59374999999997e-09	339387.4141222669	
4.59687499999997e-09	352409.5680932446	
4.59999999999997e-09	365904.1435889102	
4.60312499999997e-09	395197.8329723428	
4.606249999999971e-09	431990.9593410483	
4.609374999999971e-09	473983.1705438018	
4.612499999999971e-09	514653.7005389485	
4.615624999999971e-09	557646.1689444141	
4.618749999999971e-09	597306.306996685	
4.621874999999972e-09	638085.3390213208	
4.624999999999972e-09	697978.5146743315	
4.628124999999972e-09	756616.7479626626	
4.631249999999972e-09	810401.957211662	
4.634374999999973e-09	848355.9697556392	
4.637499999999973e-09	879784.7606694867	
4.640624999999973e-09	904821.8179016132	
4.643749999999973e-09	926532.081793352	
4.646874999999974e-09	952599.2735365001	
4.649999999999974e-09	971812.9440119013	
4.653124999999974e-09	973023.3104804932	
4.656249999999974e-09	953003.821680604	
4.659374999999975e-09	923418.9930861128	
4.662499999999975e-09	891911.8087230165	
4.665624999999975e-09	859877.205500917	
4.668749999999975e-09	827381.5544348665	
4.671874999999975e-09	788539.4256859511	
4.674999999999976e-09	739523.6510450306	
4.678124999999976e-09	695713.2189721438	
4.681249999999976e-09	653579.2317649815	
4.684374999999976e-09	609502.4573246493	
4.687499999999977e-09	564858.8502128952	
4.690624999999977e-09	524440.0412504894	
4.693749999999977e-09	479185.1835026886	
4.696874999999977e-09	429624.7861744763	
4.699999999999978e-09	393009.2888624746	
4.703124999999978e-09	360619.4290056566	
4.706249999999978e-09	332320.1112797516	
4.709374999999978e-09	300444.9128728863	
4.712499999999979e-09	276532.2473952532	
4.715624999999979e-09	249062.4121528841	
4.718749999999979e-09	228066.2676023213	
4.721874999999979e-09	232857.7159614245	
4.724999999999979e-09	248167.9644013481	
4.72812499999998e-09	271215.9814652065	
4.73124999999998e-09	307460.5972246291	
4.73437499999998e-09	345673.950764738	
4.73749999999998e-09	396786.5648487531	
4.740624999999981e-09	452391.1675800422	
4.743749999999981e-09	500715.9924709336	
4.746874999999981e-09	557197.9699507951	
4.749999999999981e-09	607474.8661764906	
4.753124999999982e-09	664325.720544998	
4.756249999999982e-09	713489.7497208667	
4.759374999999982e-09	767135.2987676251	
4.762499999999982e-09	803748.2609518458	
4.765624999999982e-09	835814.0793450901	
4.768749999999983e-09	864245.5638707947	
4.771874999999983e-09	882342.8497327786	
4.774999999999983e-09	893971.6973632531	
4.778124999999983e-09	894167.0727075061	
4.781249999999984e-09	894292.2693462188	
4.784374999999984e-09	884347.3748652922	
4.787499999999984e-09	870938.5673416425	
4.790624999999984e-09	848425.4598855651	
4.793749999999985e-09	819194.9603212372	
4.796874999999985e-09	778781.6483627935	
4.799999999999985e-09	743733.9934109196	
4.803124999999985e-09	701753.1696752702	
4.806249999999986e-09	674168.1705686137	
4.809374999999986e-09	648583.7540483001	
4.812499999999986e-09	616455.3532458622	
4.815624999999986e-09	569825.9366461925	
4.818749999999986e-09	526376.7741985933	
4.821874999999987e-09	493189.2661783462	
4.824999999999987e-09	461945.7259686436	
4.828124999999987e-09	432116.8903001607	
4.831249999999987e-09	398816.6808405282	
4.834374999999988e-09	367801.0963135373	
4.837499999999988e-09	346666.8943215051	
4.840624999999988e-09	336864.7674171047	
4.843749999999988e-09	335475.0974092152	
4.846874999999989e-09	340658.8065086629	
4.849999999999989e-09	348626.9635285935	
4.853124999999989e-09	356233.3872566582	
4.856249999999989e-09	358396.9115859601	
4.85937499999999e-09	367090.4817222643	
4.86249999999999e-09	392068.422475728	
4.86562499999999e-09	429982.2468910156	
4.86874999999999e-09	467495.2422074294	
4.87187499999999e-09	499763.5468495077	
4.874999999999991e-09	535441.8579850699	
4.878124999999991e-09	577582.2493476272	
4.881249999999991e-09	619214.0299571084	
4.884374999999991e-09	653451.9004398944	
4.887499999999992e-09	686312.8206333368	
4.890624999999992e-09	712185.8728412918	
4.893749999999992e-09	727194.1642036862	
4.896874999999992e-09	737356.6696573339	
4.899999999999993e-09	749815.9560012607	
4.903124999999993e-09	754085.766369252	
4.906249999999993e-09	764428.277536903	
4.909374999999993e-09	782399.6497994674	
4.912499999999994e-09	780746.5240503014	
4.915624999999994e-09	767417.7832016811	
4.918749999999994e-09	748054.2568210769	
4.921874999999994e-09	729632.5552622275	
4.924999999999994e-09	715112.3316477218	
4.928124999999995e-09	698252.850039018	
4.931249999999995e-09	673735.4932902072	
4.934374999999995e-09	654219.0828547184	
4.937499999999995e-09	627453.324435587	
4.940624999999996e-09	594909.8679433364	
4.943749999999996e-09	569430.3744904237	
4.946874999999996e-09	548209.1459718227	
4.949999999999996e-09	525458.5139181068	
4.953124999999997e-09	499379.4841101525	
4.956249999999997e-09	488466.3292282287	
4.959374999999997e-09	488887.3810014726	
4.962499999999997e-09	488167.2774651701	
4.965624999999998e-09	477579.5752843209	
4.968749999999998e-09	468399.0377000846	
4.971874999999998e-09	470398.8225148519	
4.974999999999998e-09	474599.0916332802	
4.978124999999998e-09	472191.1650632035	
4.981249999999999e-09	467035.2294370966	
4.984374999999999e-09	463985.0449548781	
4.987499999999999e-09	470179.2222176304	
4.990624999999999e-09	477080.3042009324	
4.99375e-09	485926.3178129342	
4.996875e-09	492354.5487189131	
5e-09	492633.9267135914	
5.003125e-09	497691.3537388657	
5.006250000000001e-09	514280.067478804	
5.009375000000001e-09	526204.7073774589	
5.012500000000001e-09	528944.2446174262	
5.015625000000001e-09	528648.5404525709	
5.018750000000002e-09	540805.9523112122	
5.021875000000002e-09	554780.8404022078	
5.025000000000002e-09	580190.8788703862	
5.028125000000002e-09	611256.6281493724	
5.031250000000002e-09	637891.0000502584	
5.034375000000003e-09	648037.4177808859	
5.037500000000003e-09	657956.1485573623	
5.040625000000003e-09	663046.8813062208	
5.043750000000003e-09	664553.7667041143	
5.046875000000004e-09	668797.6176074574	
5.050000000000004e-09	675218.5233717085	
5.053125000000004e-09	679941.8145038255	
5.056250000000004e-09	675329.0949642647	
5.059375000000005e-09	659405.6152846314	
5.062500000000005e-09	645160.4500151164	
5.065625000000005e-09	636373.4709011232	
5.068750000000005e-09	628293.4370588614	
5.071875000000006e-09	617874.6820123889	
5.075000000000006e-09	605559.1463046798	
5.078125000000006e-09	598807.0634959218	
5.081250000000006e-09	597391.4989775673	
5.084375000000006e-09	601599.6993493963	
5.087500000000007e-09	606964.8075934922	
5.090625000000007e-09	605005.928964482	
5.093750000000007e-09	594635.0233508338	
5.096875000000007e-09	583660.9333341398	
5.100000000000008e-09	572368.4981284628	
5.103125000000008e-09	549716.1703274237	
5.106250000000008e-09	524232.1516576782	
5.109375000000008e-09	504491.3978266855	
5.112500000000009e-09	497418.5692901525	
5.115625000000009e-09	493236.9444478066	
5.118750000000009e-09	484728.9664179554	
5.121875000000009e-09	470142.7565709632	
5.125000000000009e-09	457284.725044605	
5.12812500000001e-09	456760.3977214046	
5.13125000000001e-09	467329.8879560979	
5.13437500000001e-09	473776.595350624	
5.13750000000001e-09	477947.4571709132	
5.140625000000011e-09	489834.7375368805	
5.143750000000011e-09	498529.7520817346	
5.146875000000011e-09	508813.935669704	
5.150000000000011e-09	513619.5315301366	
5.153125000000012e-09	504879.1215190504	
5.156250000000012e-09	497766.7512906911	
5.159375000000012e-09	498304.9945363274	
5.162500000000012e-09	499723.4610064912	
5.165625000000013e-09	508808.5929910323	
5.168750000000013e-09	522837.8965368294	
5.171875000000013e-09	534816.9374006314	
5.175000000000013e-09	549431.6064104405	
5.178125000000013e-09	565518.0091369721	
5.181250000000014e-09	582182.5069843658	
5.184375000000014e-09	599985.1204614607	
5.187500000000014e-09	614794.2745124981	
5.190625000000014e-09	632180.9173405997	
5.193750000000015e-09	650954.0029817718	
5.196875000000015e-09	660285.6553284149	
5.200000000000015e-09	666592.8500546726	
5.203125000000015e-09	677162.1125628753	
5.206250000000016e-09	682941.9356190857	
5.209375000000016e-09	683383.8812657703	
5.212500000000016e-09	672413.2595282505	
5.215625000000016e-09	652826.051047468	
5.218750000000017e-09	631622.1635697972	
5.221875000000017e-09	619007.5952705641	
5.225000000000017e-09	602364.8098882098	
5.228125000000017e-09	593129.8580270952	
5.231250000000017e-09	574494.874869203	
5.234375000000018e-09	552923.4636351311	
5.237500000000018e-09	535567.2598967879	
5.240625000000018e-09	527858.1821202937	
5.243750000000018e-09	520208.7875558247	
5.246875000000019e-09	518517.538094806	
5.250000000000019e-09	521232.9454255812	
5.253125000000019e-09	529053.7013246148	
5.256250000000019e-09	530104.6290674977	
5.25937500000002e-09	531498.7164282111	
5.26250000000002e-09	540238.1453567083	
5.26562500000002e-09	544719.9078595334	
5.26875000000002e-09	549636.0046809063	
5.271875000000021e-09	558528.720340646	
5.275000000000021e-09	569094.9226400278	
5.278125000000021e-09	581558.7444898414	
5.281250000000021e-09	604904.9957350476	
5.284375000000021e-09	623604.6597866807	
5.287500000000022e-09	642656.7986045508	
5.290625000000022e-09	665339.3388422466	
5.293750000000022e-09	689964.7684304216	
5.296875000000022e-09	710631.8475188401	
5.300000000000023e-09	736546.9161901426	
5.303125000000023e-09	774414.160532751	
5.306250000000023e-09	801641.408717096	
5.309375000000023e-09	819200.0402990089	
5.312500000000024e-09	833489.0946823905	
5.315625000000024e-09	848643.2756784618	
5.318750000000024e-09	864484.8759656781	
5.321875000000024e-09	875178.559235177	
5.325000000000025e-09	874088.5002387733	
5.328125000000025e-09	872674.3438233779	
5.331250000000025e-09	861641.7265008723	
5.334375000000025e-09	843977.1834499893	
5.337500000000025e-09	823005.9476210538	
5.340625000000026e-09	797762.8913125804	
5.343750000000026e-09	769718.6510018695	
5.346875000000026e-09	739791.1036230928	
5.350000000000026e-09	708301.4060611861	
5.353125000000027e-09	659030.5509729834	
5.356250000000027e-09	620230.8043105674	
5.359375000000027e-09	585488.9016580142	
5.362500000000027e-09	550034.0328975794	
5.365625000000028e-09	516261.2897023229	
5.368750000000028e-09	486701.3593273353	
5.371875000000028e-09	453656.7801801845	
5.375000000000028e-09	415262.7148139252	
5.378125000000029e-09	391192.8834979915	
5.381250000000029e-09	367370.9761622832	
5.384375000000029e-09	341340.9261086736	
5.387500000000029e-09	323374.9715212994	
5.390625000000029e-09	318127.1836574628	
5.39375000000003e-09	315940.9934472946	
5.39687500000003e-09	324333.3702652315	
5.40000000000003e-09	336904.6674250645	
5.40312500000003e-09	354799.2426630702	
5.406250000000031e-09	378892.8795751166	
5.409375000000031e-09	403852.1373961255	
5.412500000000031e-09	424957.277649444	
5.415625000000031e-09	449061.3618144668	
5.418750000000032e-09	477551.5439966105	
5.421875000000032e-09	499401.8107911306	
5.425000000000032e-09	531019.6034801032	
5.428125000000032e-09	564011.2965580088	
5.431250000000033e-09	607787.6900459214	
5.434375000000033e-09	650951.8034367478	
5.437500000000033e-09	695010.8567667718	
5.440625000000033e-09	738191.1094843	
5.443750000000033e-09	772656.1648295283	
5.446875000000034e-09	800846.044083294	
5.450000000000034e-09	823846.3431181008	
5.453125000000034e-09	852021.164176451	
5.456250000000034e-09	872762.1926397505	
5.459375000000035e-09	884974.9850072975	
5.462500000000035e-09	895607.8491627023	
5.465625000000035e-09	901253.4816587116	
5.468750000000035e-09	899527.7142812189	
5.471875000000036e-09	891659.5765522314	
5.475000000000036e-09	878802.3538411721	
5.478125000000036e-09	862859.5980177243	
5.481250000000036e-09	836822.2260606381	
5.484375000000036e-09	813832.6635836103	
5.487500000000037e-09	785152.7886415147	
5.490625000000037e-09	746434.1823141583	
5.493750000000037e-09	697090.2951855145	
5.496875000000037e-09	655260.0855130024	
5.500000000000038e-09	617825.9604187389	
5.503125000000038e-09	570221.5819762668	
5.506250000000038e-09	534214.3589405597	
5.509375000000038e-09	503081.5186130175	
5.512500000000039e-09	468085.203975187	
5.515625000000039e-09	423167.1258114551	
5.518750000000039e-09	370621.4653044426	
5.521875000000039e-09	321846.9907280404	
5.52500000000004e-09	268113.0371639489	
5.52812500000004e-09	223536.6725329499	
5.53125000000004e-09	171751.2599828193	
5.53437500000004e-09	125818.1355171721	
5.53750000000004e-09	78567.15348859278	
5.540625000000041e-09	46325.65541685357	
5.543750000000041e-09	15002.57276907233	
5.546875000000041e-09	-19156.55833639789	
5.550000000000041e-09	-45931.99773385329	
5.553125000000042e-09	-87403.76730323212	
5.556250000000042e-09	-120323.4740838414	
5.559375000000042e-09	-151721.1145090675	
5.562500000000042e-09	-172572.4436739488	
5.565625000000043e-09	-181967.500306248	
5.568750000000043e-09	-187220.0145667359	
5.571875000000043e-09	-190068.8331046443	
5.575000000000043e-09	-195098.2822717114	
5.578125000000044e-09	-205472.5759203408	
5.581250000000044e-09	-205409.5791744785	
5.584375000000044e-09	-195307.818231083	
5.587500000000044e-09	-184797.7943924152	
5.590625000000044e-09	-169925.7616644723	
5.593750000000045e-09	-147929.9606950601	
5.596875000000045e-09	-123717.1358339728	
5.600000000000045e-09	-107263.1462573228	
5.603125000000045e-09	-81419.88397538515	
5.606250000000046e-09	-58613.78592022764	
5.609375000000046e-09	-37996.13976262901	
5.612500000000046e-09	-15401.27375427595	
5.615625000000046e-09	11043.15642597819	
5.618750000000047e-09	36948.20206731914	
5.621875000000047e-09	60199.76364221986	
5.625000000000047e-09	81578.48622954442	
5.628125000000047e-09	98476.82835207183	
5.631250000000048e-09	124387.8135019656	
5.634375000000048e-09	139075.3027826925	
5.637500000000048e-09	149316.2484708471	
5.640625000000048e-09	151552.4930310627	
5.643750000000048e-09	157083.8498562208	
5.646875000000049e-09	165035.4833585826	
5.650000000000049e-09	165417.938730005	
5.653125000000049e-09	161782.6796937119	
5.656250000000049e-09	152887.8212286484	
5.65937500000005e-09	133966.2424059642	
5.66250000000005e-09	110545.1091244205	
5.66562500000005e-09	82985.55297328714	
5.66875000000005e-09	59025.62103291007	
5.671875000000051e-09	37407.11797935393	
5.675000000000051e-09	10383.04592301856	
5.678125000000051e-09	-12533.06591029424	
5.681250000000051e-09	-34439.42785551245	
5.684375000000052e-09	-56936.0596634044	
5.687500000000052e-09	-78249.92426988638	
5.690625000000052e-09	-95155.43030599537	
5.693750000000052e-09	-121885.4241777613	
5.696875000000052e-09	-151129.2875303783	
5.700000000000053e-09	-171575.6217503045	
5.703125000000053e-09	-186270.609162858	
5.706250000000053e-09	-193783.5455584625	
5.709375000000053e-09	-197205.261626245	
5.712500000000054e-09	-199029.6297768419	
5.715625000000054e-09	-199910.7118774051	
5.718750000000054e-09	-192301.3281379121	
5.721875000000054e-09	-173050.5360867565	
5.725000000000055e-09	-145175.6879904789	
5.728125000000055e-09	-121341.390576047	
5.731250000000055e-09	-92982.22347306018	
5.734375000000055e-09	-62953.81463609306	
5.737500000000056e-09	-33246.5262334788	
5.740625000000056e-09	-7202.799850220443	
5.743750000000056e-09	20718.98428500014	
5.746875000000056e-09	50038.65924069281	
5.750000000000056e-09	72303.70720238941	
5.753125000000057e-09	95461.10805458596	
5.756250000000057e-09	109714.7200715034	
5.759375000000057e-09	122379.727287056	
5.762500000000057e-09	131421.8445315104	
5.765625000000058e-09	140580.5680989785	
5.768750000000058e-09	142867.6088715974	
5.771875000000058e-09	146497.7442935923	
5.775000000000058e-09	147855.6399097861	
5.778125000000059e-09	141726.3170503527	
5.781250000000059e-09	136755.0544346776	
5.784375000000059e-09	130003.4885665212	
5.787500000000059e-09	117499.6914625673	
5.79062500000006e-09	101798.8856790748	
5.79375000000006e-09	89709.23581004459	
5.79687500000006e-09	78105.78151266158	
5.80000000000006e-09	61683.05805311539	
5.80312500000006e-09	41144.03440124056	
5.806250000000061e-09	22709.21951828829	
5.809375000000061e-09	1585.737172374229	
5.812500000000061e-09	-15569.62911738943	
5.815625000000061e-09	-35663.19120150252	
5.818750000000062e-09	-57161.259350567	
5.821875000000062e-09	-73255.57547082774	
5.825000000000062e-09	-88963.13454973642	
5.828125000000062e-09	-101310.6017215182	
5.831250000000063e-09	-113619.9600521011	
5.834375000000063e-09	-123618.2917095587	
5.837500000000063e-09	-129828.5383806717	
5.840625000000063e-09	-136289.2499161483	
5.843750000000063e-09	-132506.1188381498	
5.846875000000064e-09	-119556.5752864587	
5.850000000000064e-09	-104220.261914578	
5.853125000000064e-09	-87769.40954910967	
5.856250000000064e-09	-76143.10780891818	
5.859375000000065e-09	-58623.54982663925	
5.862500000000065e-09	-42788.09020634593	
5.865625000000065e-09	-23756.29525431436	
5.868750000000065e-09	-7622.10389440892	
5.871875000000066e-09	2799.192359878831	
5.875000000000066e-09	14478.36153222726	
5.878125000000066e-09	23492.99646991632	
5.881250000000066e-09	33671.31144417317	
5.884375000000067e-09	41593.44948960094	
5.887500000000067e-09	50166.61935357191	
5.890625000000067e-09	59402.24955805935	
5.893750000000067e-09	60285.84749258227	
5.896875000000067e-09	60763.27014789074	
5.900000000000068e-09	64791.39962888759	
5.903125000000068e-09	74144.9209642614	
5.906250000000068e-09	79267.41532163287	
5.909375000000068e-09	81818.46794798682	
5.912500000000069e-09	77944.89197971471	
5.915625000000069e-09	70466.80640908137	
5.918750000000069e-09	65669.27286022741	
5.921875000000069e-09	63569.42438616285	
5.92500000000007e-09	58544.90481741541	
5.92812500000007e-09	48923.81760187834	
5.93125000000007e-09	39142.39767047284	
5.93437500000007e-09	31771.46798787795	
5.937500000000071e-09	19564.98190365179	
5.940625000000071e-09	4554.288555740606	
5.943750000000071e-09	414.1759527420735	
5.946875000000071e-09	-5340.547611494256	
5.950000000000071e-09	-15814.28748935898	
5.953125000000072e-09	-26302.68945969921	
5.956250000000072e-09	-30030.94302489024	
5.959375000000072e-09	-31487.42865733862	
5.962500000000072e-09	-33651.84359383857	
5.965625000000073e-09	-35843.8999910422	
5.968750000000073e-09	-37644.33391856139	
5.971875000000073e-09	-40086.18723819571	
5.975000000000073e-09	-41172.48512884849	
5.978125000000074e-09	-41057.92503980409	
5.981250000000074e-09	-34333.43705831912	
5.984375000000074e-09	-32039.82504054923	
5.987500000000074e-09	-29276.11020105471	
5.990625000000075e-09	-24521.65934766939	
5.993750000000075e-09	-18893.21695953471	
5.996875000000075e-09	-14132.68867202651	
6.000000000000075e-09	-11023.77751516703	
6.003125000000075e-09	-8630.117544328976	
6.006250000000076e-09	-4192.225830321948	
6.009375000000076e-09	1929.507056201618	
6.012500000000076e-09	8927.578819228813	
6.015625000000076e-09	16610.10336643186	
6.018750000000077e-09	24423.65965997734	
6.021875000000077e-09	26735.17169881511	
6.025000000000077e-09	27229.59806181545	
6.028125000000077e-09	32096.0467023112	
6.031250000000078e-09	36166.43813219559	
6.034375000000078e-09	36889.86973915924	
6.037500000000078e-09	38727.77992521187	
6.040625000000078e-09	43753.25429977749	
6.043750000000079e-09	45519.75125814504	
6.046875000000079e-09	44072.60473503393	
6.050000000000079e-09	42981.6108755702	
6.053125000000079e-09	41367.11651203618	
6.056250000000079e-09	40285.15461891631	
6.05937500000008e-09	40320.11673739493	
6.06250000000008e-09	44118.00667394961	
6.06562500000008e-09	43344.49586740162	
6.06875000000008e-09	38136.22430358016	
6.071875000000081e-09	34137.47155173939	
6.075000000000081e-09	28110.98741861254	
6.078125000000081e-09	17603.23498306886	
6.081250000000081e-09	5904.912392341645	
6.084375000000082e-09	-3130.240830550375	
6.087500000000082e-09	-12267.91457771372	
6.090625000000082e-09	-22946.79581315167	
6.093750000000082e-09	-36682.08715585512	
6.096875000000083e-09	-51467.06189411429	
6.100000000000083e-09	-60871.50663497866	
6.103125000000083e-09	-67193.7939073912	
6.106250000000083e-09	-69041.40297939704	
6.109375000000083e-09	-68840.65459084719	
6.112500000000084e-09	-67390.63138938649	
6.115625000000084e-09	-63441.18983673568	
6.118750000000084e-09	-64436.51651207161	
6.121875000000084e-09	-62542.39931225617	
6.125000000000085e-09	-55399.84897400434	
6.128125000000085e-09	-52976.01035320243	
6.131250000000085e-09	-52332.29747169656	
6.134375000000085e-09	-50253.05730239169	
6.137500000000086e-09	-45329.15579467505	
6.140625000000086e-09	-40440.22043616562	
6.143750000000086e-09	-34383.02119313236	
6.146875000000086e-09	-22776.06609060832	
6.150000000000087e-09	-12115.37089044306	
6.153125000000087e-09	-273.6272707371108	
6.156250000000087e-09	11877.12075876299	
6.159375000000087e-09	25672.13692079491	
6.162500000000087e-09	38498.17244657867	
6.165625000000088e-09	49571.07015441279	
6.168750000000088e-09	59196.48701594195	
6.171875000000088e-09	68305.04350533875	
6.175000000000088e-09	77816.69296921484	
6.178125000000089e-09	84279.97819887594	
6.181250000000089e-09	90378.6745682006	
6.184375000000089e-09	96105.7005596634	
6.187500000000089e-09	101956.897245108	
6.19062500000009e-09	102008.2013602623	
6.19375000000009e-09	99820.50574538801	
6.19687500000009e-09	98195.09403457723	
6.20000000000009e-09	98171.78487750881	
6.20312500000009e-09	96264.58393654335	
6.206250000000091e-09	91732.3130412865	
6.209375000000091e-09	78743.71060826117	
6.212500000000091e-09	59965.03337841795	
6.215625000000091e-09	41409.5665055444	
6.218750000000092e-09	25208.32590691072	
6.221875000000092e-09	11562.13545984072	
6.225000000000092e-09	-3458.253173682005	
6.228125000000092e-09	-15627.83951460602	
6.231250000000093e-09	-29850.32439288833	
6.234375000000093e-09	-43351.14291601454	
6.237500000000093e-09	-58697.98290699434	
6.240625000000093e-09	-73412.40492747768	
6.243750000000094e-09	-82936.01648148149	
6.246875000000094e-09	-90056.10375156174	
6.250000000000094e-09	-96465.88849511229	
6.253125000000094e-09	-102820.0100285583	
6.256250000000094e-09	-106367.1344695867	
6.259375000000095e-09	-110699.8460291105	
6.262500000000095e-09	-109978.3225906836	
6.265625000000095e-09	-103798.726894449	
6.268750000000095e-09	-93504.22435619455	
6.271875000000096e-09	-82361.02922317057	
6.275000000000096e-09	-68953.44650066461	
6.278125000000096e-09	-55598.74843769626	
6.281250000000096e-09	-37626.0435829269	
6.284375000000097e-09	-22268.40597094288	
6.287500000000097e-09	-6250.684628089481	
6.290625000000097e-09	12410.20721480588	
6.293750000000097e-09	29277.2430058303	
6.296875000000098e-09	45656.01136406358	
6.300000000000098e-09	58836.17573289494	
6.303125000000098e-09	71299.33562565918	
6.306250000000098e-09	80565.80748743885	
6.309375000000098e-09	92948.50977638441	
6.312500000000099e-09	102262.5773652162	
6.315625000000099e-09	110390.4837485784	
6.318750000000099e-09	118244.2029252846	
6.321875000000099e-09	122680.5084022997	
6.3250000000001e-09	125622.4838002581	
6.3281250000001e-09	123819.4718763074	
6.3312500000001e-09	119412.8294198292	
6.3343750000001e-09	112901.7854603652	
6.337500000000101e-09	102796.2855761498	
6.340625000000101e-09	90108.62891483426	
6.343750000000101e-09	75507.39306682542	
6.346875000000101e-09	61592.21922484379	
6.350000000000102e-09	43897.46637263907	
6.353125000000102e-09	18510.66929041451	
6.356250000000102e-09	-1218.002640063703	
6.359375000000102e-09	-20336.16704599977	
6.362500000000102e-09	-24004.79766924129	
